1 1000 248083
2001 3000 1161304
1001 2000 711676
3001 4000 1602660
4001 5000 2046482
5001 6000 2478874
6001 7000 2921985
7001 8000 3338485
8001 9000 3775651
9001 10000 4219148
10001 11000 4633921
12001 13000 5496297
11001 12000 5049819
13001 14000 5923391
14001 15000 6322380
15001 16000 6775461
16001 17000 7163124
17001 18000 7615572
19001 20000 8470191
18001 19000 7983816
21001 22000 9306803
20001 21000 8844350
23001 24000 10143832
22001 23000 9713249
25001 26000 10952997
24001 25000 10517963
27001 28000 11766177
26001 27000 11403072
28001 29000 12209272
30001 31000 13031278
29001 30000 12582656
31001 32000 13414397
33001 34000 14315943
32001 33000 13950956
34001 35000 14706121
35001 36000 15069262
36001 37000 15586468
37001 38000 15921320
38001 39000 16299746
39001 40000 16787827
40001 41000 17108194
41001 42000 17672195
42001 43000 18100007
45001 46000 19135082
46001 47000 19601068
43001 44000 18306765
44001 45000 18891403
47001 48000 20124992
48001 49000 20397208
49001 50000 20973411
51001 52000 21768586
50001 51000 21235338
52001 53000 22112987
53001 54000 22518635
54001 55000 22897396
55001 56000 23381026
56001 57000 23843666
58001 59000 24556844
59001 60000 25032497
57001 58000 24146486
62001 63000 26179669
60001 61000 25335653
63001 64000 26652946
61001 62000 25756884
64001 65000 26870338
65001 66000 27596852
67001 68000 28461059
68001 69000 28442419
66001 67000 27710030
69001 70000 28888136
71001 72000 29947666
70001 71000 29668242
72001 73000 30326457
73001 74000 30587224
74001 75000 31116116
75001 76000 31558216
77001 78000 32490023
76001 77000 31737057
81001 82000 33932690
78001 79000 32619688
79001 80000 33222727
80001 81000 33474873
82001 83000 34408154
86001 87000 35927337
83001 84000 34683028
84001 85000 35200202
85001 86000 35508448
87001 88000 36501895
88001 89000 36467752
89001 90000 37320622
90001 91000 37674876
91001 92000 37900682
92001 93000 38662874
93001 94000 38750445
94001 95000 39135985
96001 97000 39958948
95001 96000 39838388
97001 98000 40311383
98001 99000 40850488
99001 100000 41256363
1 1024 499081
1025 2048 1454643
2049 3072 2383391
3073 4096 3297001
4097 5120 4203450
5121 6144 5092912
6145 7168 5986844
7169 8192 6862839
8193 9216 7750345
9217 10240 8631076
10241 11264 9488679
11265 12288 10354075
12289 13312 11229697
13313 14336 12081230
14337 15360 12957620
15361 16384 13806280
16385 17408 14651199
17409 18432 15528068
18433 19456 16334200
19457 20480 17223600
20481 21504 18042751
21505 22528 18908441
22529 23552 19741925
23553 24576 20634946
24577 25600 21380795
25601 26624 22247292
26625 27648 23103587
27649 28672 23998938
28673 29696 24787471
29697 30720 25586798
30721 31744 26437312
31745 32768 27282164
32769 33792 28174530
33793 34816 28926058
1 1024 499081
1025 2048 1454643
2049 3072 2383391
3073 4096 3297001
4097 5120 4203450
5121 6144 5092912
6145 7168 5986844
7169 8192 6862839
8193 9216 7750345
9217 10240 8631076
10241 11264 9488679
11265 12288 10354075
12289 13312 11229697
13313 14336 12081230
14337 15360 12957620
15361 16384 13806280
16385 17408 14651199
17409 18432 15528068
18433 19456 16334200
19457 20480 17223600
20481 21504 18042751
21505 22528 18908441
22529 23552 19741925
23553 24576 20634946
24577 25600 21380795
25601 26624 22247292
26625 27648 23103587
27649 28672 23998938
28673 29696 24787471
29697 30720 25586798
30721 31744 26437312
31745 32768 27282164
32769 33792 28174530
33793 34816 28926058
34817 35840 29702209
35841 36864 30616481
36865 37888 31415544
37889 38912 32171298
38913 39936 33112611
39937 40960 33895443
40961 41984 34742733
41985 43008 35592558
43009 44032 36274787
44033 45056 37178202
45057 46080 38013289
46081 47104 38715219
47105 48128 39684163
48129 49152 40459917
49153 50176 41299294
50177 51200 41991795
51201 52224 42973243
52225 53248 43751994
53249 54272 44419943
54273 55296 45396066
55297 56320 46214117
56321 57344 47157864
57345 58368 47700180
58369 59392 48646329
59393 60416 49327490
60417 61440 50070641
61441 62464 51038316
62465 63488 51816208
63489 64512 52599443
64513 65536 53384401
65537 66560 54246647
66561 67584 55270633
67585 68608 55664916
68609 69632 56583467
69633 70656 57427802
70657 71680 58366403
71681 72704 59133451
72705 73728 59938742
73729 74752 60683644
74753 75776 61489844
75777 76800 62174455
76801 77824 63305495
77825 78848 63668674
78849 79872 64758567
79873 80896 65405588
80897 81920 66500841
81921 82944 67135113
82945 83968 67729430
83969 84992 68730567
84993 86016 69415397
86017 87040 70236651
87041 88064 71082437
88065 89088 71693450
89089 90112 72857253
90113 91136 73290914
91137 92160 74087710
92161 93184 75458036
93185 94208 75680042
94209 95232 76933619
95233 96256 77334192
96257 97280 78154683
97281 98304 78803118
98305 99328 80017654
99329 100352 80511551
100353 101376 81462544
101377 102400 82290155
102401 103424 82905918
1025 2048 1454643
1 1024 499081
3073 4096 3297001
4097 5120 4203450
5121 6144 5092912
2049 3072 2383391
6145 7168 5986844
7169 8192 6862839
9217 10240 8631076
8193 9216 7750345
10241 11264 9488679
11265 12288 10354075
13313 14336 12081230
12289 13312 11229697
14337 15360 12957620
15361 16384 13806280
17409 18432 15528068
18433 19456 16334200
16385 17408 14651199
19457 20480 17223600
21505 22528 18908441
20481 21504 18042751
22529 23552 19741925
23553 24576 20634946
24577 25600 21380795
26625 27648 23103587
27649 28672 23998938
25601 26624 22247292
29697 30720 25586798
31745 32768 27282164
30721 31744 26437312
28673 29696 24787471
32769 33792 28174530
33793 34816 28926058
35841 36864 30616481
37889 38912 32171298
34817 35840 29702209
36865 37888 31415544
38913 39936 33112611
39937 40960 33895443
40961 41984 34742733
41985 43008 35592558
43009 44032 36274787
46081 47104 38715219
47105 48128 39684163
44033 45056 37178202
48129 49152 40459917
45057 46080 38013289
49153 50176 41299294
50177 51200 41991795
51201 52224 42973243
52225 53248 43751994
54273 55296 45396066
53249 54272 44419943
56321 57344 47157864
55297 56320 46214117
57345 58368 47700180
59393 60416 49327490
60417 61440 50070641
61441 62464 51038316
58369 59392 48646329
62465 63488 51816208
64513 65536 53384401
65537 66560 54246647
63489 64512 52599443
66561 67584 55270633
67585 68608 55664916
69633 70656 57427802
70657 71680 58366403
68609 69632 56583467
71681 72704 59133451
73729 74752 60683644
74753 75776 61489844
75777 76800 62174455
72705 73728 59938742
76801 77824 63305495
78849 79872 64758567
79873 80896 65405588
77825 78848 63668674
80897 81920 66500841
81921 82944 67135113
83969 84992 68730567
84993 86016 69415397
82945 83968 67729430
87041 88064 71082437
88065 89088 71693450
86017 87040 70236651
89089 90112 72857253
90113 91136 73290914
91137 92160 74087710
95233 96256 77334192
94209 95232 76933619
92161 93184 75458036
96257 97280 78154683
93185 94208 75680042
97281 98304 78803118
98305 99328 80017654
99329 100352 80511551
100353 101376 81462544
102401 103424 82905918
104449 105472 84606012
101377 102400 82290155
105473 106496 85300185
103425 104448 83615027
107521 108544 86884919
106497 107520 86237033
108545 109568 87825330
109569 110592 88259633
111617 112640 90142301
110593 111616 89275705
113665 114688 91555293
112641 113664 90841218
114689 115712 92393694
115713 116736 93227043
116737 117760 94142725
117761 118784 94651719
118785 119808 95585557
119809 120832 96475216
120833 121856 97364959
121857 122880 97944935
122881 123904 98710527
123905 124928 99748932
124929 125952 100262075
125953 126976 100981538
126977 128000 101782257
128001 129024 103088015
129025 130048 103400300
130049 131072 104087692
131073 132096 104979536
132097 133120 105949415
133121 134144 106219827
134145 135168 107423681
136193 137216 109648466
135169 136192 108126653
137217 138240 109190958
138241 139264 110416807
139265 140288 111388662
140289 141312 112328695
141313 142336 112755150
142337 143360 113371862
144385 145408 115171488
145409 146432 116507296
143361 144384 114091182
147457 148480 116982729
148481 149504 118825557
149505 150528 118999878
146433 147456 116604053
150529 151552 120065263
151553 152576 120693474
152577 153600 121543334
153601 154624 122039739
154625 155648 122955054
156673 157696 124709218
155649 156672 123456915
157697 158720 125000147
158721 159744 126006556
159745 160768 127090848
160769 161792 127600330
161793 162816 127968292
162817 163840 129143735
163841 164864 130227386
164865 165888 130311593
165889 166912 131392824
166913 167936 132117871
167937 168960 132676237
168961 169984 133764475
169985 171008 134407358
171009 172032 135612658
172033 173056 136721965
173057 174080 136570493
174081 175104 137672789
175105 176128 138182916
176129 177152 139733858
177153 178176 139691023
178177 179200 140909905
179201 180224 142379670
180225 181248 141692909
181249 182272 142590278
182273 183296 144222527
183297 184320 144847985
185345 186368 146890525
184321 185344 145536136
186369 187392 146868742
187393 188416 147283345
188417 189440 148765000
189441 190464 148604624
190465 191488 150188225
191489 192512 150974408
192513 193536 151847363
193537 194560 152185114
194561 195584 152791770
195585 196608 153886477
196609 197632 154892838
197633 198656 155472859
198657 199680 156079454
199681 200704 156479062
200705 201728 157757337
201729 202752 158857505
202753 203776 159025545
203777 204800 159880160
204801 205824 160318157
205825 206848 162041466
206849 207872 161976786
207873 208896 163558483
208897 209920 164768931
209921 210944 164830342
210945 211968 165768408
211969 212992 164931184
212993 214016 167384286
214017 215040 167666265
215041 216064 167539304
216065 217088 169715837
217089 218112 169604869
218113 219136 171555219
220161 221184 171867352
219137 220160 171674014
221185 222208 173388061
222209 223232 173234628
223233 224256 175061958
224257 225280 175372493
225281 226304 176133884
226305 227328 176810091
227329 228352 176892382
228353 229376 179239085
229377 230400 180297273
230401 231424 179167450
231425 232448 180323853
232449 233472 181765950
233473 234496 181456964
234497 235520 182824178
235521 236544 183409324
236545 237568 183781902
237569 238592 185717453
238593 239616 186032623
239617 240640 187513774
240641 241664 187258910
241665 242688 188351229
242689 243712 189169453
243713 244736 189776593
245761 246784 191080199
244737 245760 190760921
246785 247808 192180194
247809 248832 193688764
248833 249856 193790197
249857 250880 193869228
250881 251904 195512948
251905 252928 196264894
252929 253952 197022483
253953 254976 196989812
254977 256000 198498789
256001 257024 197625919
257025 258048 200038387
258049 259072 200915524
259073 260096 201531305
260097 261120 201471540
261121 262144 202074670
262145 263168 203059224
263169 264192 204579670
264193 265216 205008306
265217 266240 206830276
266241 267264 205557543
267265 268288 209433870
268289 269312 207609682
269313 270336 209345355
270337 271360 209746868
271361 272384 210426595
272385 273408 210655080
273409 274432 211771642
274433 275456 213124294
275457 276480 213042078
276481 277504 213820928
277505 278528 214171585
278529 279552 215496102
279553 280576 216143716
280577 281600 217822630
281601 282624 219624084
282625 283648 217508841
283649 284672 220265456
284673 285696 220428596
285697 286720 219819776
286721 287744 220338905
287745 288768 222239046
288769 289792 223871928
289793 290816 224047003
290817 291840 225017505
291841 292864 226224438
292865 293888 224404203
293889 294912 227124462
294913 295936 227392589
295937 296960 228429068
296961 297984 229042463
297985 299008 229264362
299009 300032 231653368
301057 302080 232220171
302081 303104 232780429
300033 301056 232059919
304129 305152 235926749
305153 306176 234908098
306177 307200 236408949
303105 304128 234358424
307201 308224 236247057
308225 309248 237634933
310273 311296 238804630
311297 312320 239228987
309249 310272 237785470
314369 315392 241596282
312321 313344 241091789
313345 314368 241824333
315393 316416 243041647
316417 317440 244109332
317441 318464 245560022
319489 320512 246013722
321537 322560 247169806
318465 319488 245767431
322561 323584 248248217
320513 321536 246765664
323585 324608 248857449
324609 325632 250157056
325633 326656 250703089
327681 328704 252477690
328705 329728 252252300
330753 331776 254612989
326657 327680 250887008
331777 332800 254888225
329729 330752 253206675
332801 333824 256829468
333825 334848 254616473
334849 335872 257316796
335873 336896 258138774
336897 337920 259338513
337921 338944 259182940
338945 339968 258644936
339969 340992 261806732
340993 342016 261547152
342017 343040 261653997
343041 344064 264043208
344065 345088 263921840
345089 346112 263572267
346113 347136 266770339
347137 348160 266003652
348161 349184 266402627
349185 350208 267280503
350209 351232 269266643
351233 352256 269250715
352257 353280 271265005
353281 354304 270754847
354305 355328 271788989
355329 356352 272987961
356353 357376 271777641
357377 358400 273001099
358401 359424 274772977
359425 360448 273984569
360449 361472 274278097
361473 362496 278450106
362497 363520 276485927
363521 364544 278664732
364545 365568 279992625
365569 366592 279084395
366593 367616 281190087
367617 368640 280524434
368641 369664 279478559
369665 370688 283968952
370689 371712 282210663
371713 372736 283670345
372737 373760 283732098
375809 376832 287060750
373761 374784 285914037
376833 377856 287581492
374785 375808 289304215
377857 378880 287559532
378881 379904 290254549
379905 380928 288649567
380929 381952 290958609
382977 384000 294011667
381953 382976 290579536
384001 385024 291974048
385025 386048 294528433
386049 387072 295330721
387073 388096 293811672
388097 389120 296045732
389121 390144 297302650
391169 392192 298913406
390145 391168 297753279
392193 393216 301149978
393217 394240 300733497
394241 395264 300358954
395265 396288 299584832
396289 397312 302878352
397313 398336 302031278
398337 399360 302960906
399361 400384 305377835
400385 401408 303556597
401409 402432 305508670
402433 403456 305864100
404481 405504 306372897
406529 407552 308010780
403457 404480 307791633
405505 406528 308684135
407553 408576 312419320
408577 409600 310558259
409601 410624 313060167
410625 411648 311749003
411649 412672 313662521
415745 416768 315934815
412673 413696 311423811
414721 415744 316040188
413697 414720 315758196
416769 417792 316504401
417793 418816 319320524
418817 419840 319205939
420865 421888 320240415
419841 420864 319330568
421889 422912 318142187
422913 423936 324400075
423937 424960 322017722
424961 425984 321153267
425985 427008 323117166
427009 428032 324641713
429057 430080 326873020
428033 429056 324268148
430081 431104 326906060
431105 432128 329272128
432129 433152 329337265
433153 434176 327585815
434177 435200 331713575
436225 437248 331181290
435201 436224 329425129
437249 438272 331377814
438273 439296 330368880
439297 440320 333898695
440321 441344 334482104
441345 442368 335035165
442369 443392 338055172
443393 444416 337671337
444417 445440 335692534
445441 446464 337406253
446465 447488 337801327
447489 448512 338040240
448513 449536 338660296
449537 450560 342946482
450561 451584 343075954
451585 452608 338645891
453633 454656 344955930
452609 453632 341262167
454657 455680 343780797
455681 456704 345416935
457729 458752 345431844
456705 457728 347710324
458753 459776 346496360
459777 460800 346106913
460801 461824 349744263
461825 462848 349286395
462849 463872 350119940
463873 464896 351586804
464897 465920 351314735
465921 466944 351713068
466945 467968 354946319
467969 468992 355352671
468993 470016 354201783
470017 471040 356454908
471041 472064 357086690
472065 473088 355477509
473089 474112 358429233
474113 475136 357530625
475137 476160 362396879
476161 477184 358871099
477185 478208 360256905
478209 479232 361211803
479233 480256 363719147
480257 481280 363514768
481281 482304 360975683
482305 483328 365407372
483329 484352 367156673
485377 486400 366100476
484353 485376 361322747
486401 487424 368149499
487425 488448 370257482
488449 489472 367627192
489473 490496 371099613
490497 491520 369204007
491521 492544 370524362
492545 493568 371710352
493569 494592 374121912
494593 495616 374744567
495617 496640 373833755
496641 497664 374014340
497665 498688 375878979
498689 499712 378901470
499713 500736 375850447
500737 501760 376095031
501761 502784 377907437
502785 503808 377813598
503809 504832 380217820
504833 505856 381388646
505857 506880 380599799
506881 507904 382360178
507905 508928 381594961
508929 509952 385635579
509953 510976 382899931
510977 512000 387343536
512001 513024 384009013
513025 514048 385878354
514049 515072 388623427
515073 516096 385414865
516097 517120 390718716
517121 518144 391809022
518145 519168 389715471
519169 520192 391450401
520193 521216 391663754
521217 522240 394207853
522241 523264 391339432
523265 524288 393660839
526337 527360 398677170
525313 526336 396199989
524289 525312 393721225
528385 529408 397537673
529409 530432 399422486
527361 528384 395802855
530433 531456 397958868
531457 532480 399444413
532481 533504 400114215
533505 534528 400766794
534529 535552 401007235
536577 537600 403690581
535553 536576 403120277
537601 538624 403182387
538625 539648 404864001
539649 540672 404715939
540673 541696 406944446
541697 542720 406972895
543745 544768 408720060
542721 543744 408080563
544769 545792 408458000
545793 546816 409123044
546817 547840 410579378
547841 548864 410708147
548865 549888 413784627
549889 550912 413799733
550913 551936 414425249
551937 552960 412385689
552961 553984 417264509
553985 555008 416551778
555009 556032 411714379
556033 557056 421334257
557057 558080 416599599
558081 559104 416160032
559105 560128 422881927
560129 561152 421870467
561153 562176 416338269
562177 563200 426053072
563201 564224 420154268
566273 567296 423078682
567297 568320 427022085
564225 565248 423836906
565249 566272 423749675
568321 569344 425348818
569345 570368 426786359
570369 571392 429251603
571393 572416 430432550
572417 573440 428184220
573441 574464 429792640
574465 575488 429625245
575489 576512 431810136
576513 577536 433135921
577537 578560 433126752
578561 579584 432683826
580609 581632 436160919
579585 580608 433038476
581633 582656 436438659
582657 583680 438461228
583681 584704 435326104
584705 585728 438214154
585729 586752 439825892
587777 588800 441743575
586753 587776 442119796
588801 589824 438735323
589825 590848 440919368
590849 591872 440438000
591873 592896 443593567
592897 593920 443073674
593921 594944 446237693
594945 595968 446451630
595969 596992 447887930
596993 598016 443591855
598017 599040 447844563
599041 600064 445860080
600065 601088 450930574
602113 603136 450770436
601089 602112 450272667
603137 604160 450815893
604161 605184 451585931
605185 606208 455542999
606209 607232 451851117
607233 608256 452086940
609281 610304 456020251
608257 609280 456915635
610305 611328 454172206
612353 613376 458054776
611329 612352 457226255
613377 614400 457721019
614401 615424 459268590
615425 616448 462802311
616449 617472 462651081
617473 618496 460388414
618497 619520 460280862
619521 620544 463268437
620545 621568 463763947
621569 622592 463439780
622593 623616 463394911
623617 624640 468154390
624641 625664 465931568
625665 626688 466509395
626689 627712 467241882
627713 628736 466542632
628737 629760 467807932
629761 630784 469908612
630785 631808 470967568
631809 632832 474922324
632833 633856 471031270
633857 634880 474913862
634881 635904 472798308
635905 636928 475638063
636929 637952 474339354
637953 638976 472131198
638977 640000 477738557
640001 641024 475929215
641025 642048 475874401
642049 643072 481206112
643073 644096 476681092
644097 645120 483305487
645121 646144 478408094
646145 647168 484576415
648193 649216 482209968
647169 648192 482695972
649217 650240 483739327
650241 651264 485783577
651265 652288 485408214
652289 653312 485916644
653313 654336 489497925
654337 655360 487074122
655361 656384 487947714
656385 657408 488416477
657409 658432 488746859
658433 659456 491321510
659457 660480 492441358
660481 661504 493545548
661505 662528 490638912
662529 663552 492234649
663553 664576 495112851
664577 665600 499135735
665601 666624 492765891
666625 667648 497094350
667649 668672 492989466
668673 669696 496942046
669697 670720 502226250
670721 671744 498097977
671745 672768 498791897
672769 673792 503796584
673793 674816 501129326
674817 675840 501628558
675841 676864 503725890
676865 677888 502010314
677889 678912 505774797
678913 679936 506179746
679937 680960 505950503
680961 681984 508114317
681985 683008 502782667
683009 684032 510603333
684033 685056 509579423
685057 686080 511554461
686081 687104 507778416
688129 689152 512436324
687105 688128 513933612
689153 690176 511023114
690177 691200 510643006
691201 692224 512537780
692225 693248 516536754
693249 694272 515622153
694273 695296 517105773
695297 696320 515882785
696321 697344 518929752
697345 698368 517992770
698369 699392 516821496
699393 700416 518710101
700417 701440 518296809
701441 702464 522563151
702465 703488 523200269
703489 704512 523037208
704513 705536 525701842
705537 706560 522609617
706561 707584 525235427
707585 708608 528099029
708609 709632 522073659
709633 710656 530758091
710657 711680 526822192
711681 712704 529571828
712705 713728 527404179
713729 714752 528788858
714753 715776 532888652
716801 717824 529454705
715777 716800 530446537
717825 718848 530166610
719873 720896 536006123
718849 719872 532247584
720897 721920 540021107
721921 722944 532645241
722945 723968 538897797
723969 724992 536849201
724993 726016 539501837
726017 727040 538213264
727041 728064 539274673
728065 729088 539974861
729089 730112 540445054
730113 731136 541070928
731137 732160 541557380
732161 733184 541637752
733185 734208 544667816
734209 735232 546085052
735233 736256 547425273
736257 737280 542937317
737281 738304 547314721
738305 739328 548416419
740353 741376 547644611
739329 740352 548423145
741377 742400 548843252
742401 743424 551314726
743425 744448 544250465
744449 745472 548672541
745473 746496 553388651
746497 747520 551599762
747521 748544 552624349
748545 749568 558040874
749569 750592 552884871
751617 752640 557748911
752641 753664 555926380
750593 751616 556421186
753665 754688 559832585
755713 756736 557835350
756737 757760 557188557
754689 755712 559319042
757761 758784 561219190
758785 759808 563947793
759809 760832 564147950
760833 761856 565356114
761857 762880 559749479
762881 763904 567783607
763905 764928 564402933
764929 765952 566765317
765953 766976 568232011
766977 768000 566198288
768001 769024 570657504
769025 770048 566264594
770049 771072 571442246
771073 772096 572379618
772097 773120 568830052
773121 774144 575972231
774145 775168 570592176
775169 776192 571889734
776193 777216 572277557
777217 778240 576572520
778241 779264 575460194
779265 780288 575712071
781313 782336 580072421
780289 781312 577047097
783361 784384 578196195
784385 785408 582052436
782337 783360 579100060
785409 786432 581016368
786433 787456 577623081
787457 788480 586664406
788481 789504 579869026
789505 790528 583017107
791553 792576 587107401
792577 793600 584950916
790529 791552 582189232
793601 794624 589335730
794625 795648 583626612
795649 796672 591566829
796673 797696 590870266
797697 798720 588972900
799745 800768 592280808
798721 799744 589544316
800769 801792 591586099
801793 802816 589583606
803841 804864 595616950
804865 805888 593892697
802817 803840 590075780
806913 807936 594415940
805889 806912 594263458
807937 808960 594883825
808961 809984 596706908
809985 811008 600556519
811009 812032 599286854
812033 813056 597493696
813057 814080 601070828
814081 815104 600413988
815105 816128 601634612
816129 817152 602605964
817153 818176 602321404
818177 819200 600061685
819201 820224 607304459
820225 821248 609077966
821249 822272 603745517
822273 823296 605822769
823297 824320 610370527
824321 825344 609945680
825345 826368 609372676
826369 827392 607676181
827393 828416 611307418
829441 830464 612387539
828417 829440 610160008
830465 831488 612062632
831489 832512 616346973
832513 833536 610234322
833537 834560 611925148
834561 835584 614517498
835585 836608 620166861
836609 837632 615027383
837633 838656 617638329
838657 839680 617481040
839681 840704 615453934
840705 841728 620976301
841729 842752 623346098
842753 843776 619478115
843777 844800 620931209
844801 845824 618280266
845825 846848 621865270
846849 847872 627575017
847873 848896 625359035
848897 849920 623629289
849921 850944 625019649
851969 852992 628343855
850945 851968 629108890
852993 854016 626372749
854017 855040 627016594
855041 856064 627165320
856065 857088 633171668
857089 858112 632006008
858113 859136 630208429
859137 860160 633355790
860161 861184 635835081
861185 862208 633745036
862209 863232 636881541
863233 864256 631930860
865281 866304 639630945
864257 865280 638007174
866305 867328 636336031
867329 868352 638432977
868353 869376 637846770
869377 870400 643128775
870401 871424 638987879
871425 872448 640515637
872449 873472 640131484
873473 874496 640039298
874497 875520 644684937
875521 876544 644446787
876545 877568 643000826
877569 878592 645213570
878593 879616 647142792
879617 880640 646948601
880641 881664 656411507
881665 882688 644576171
882689 883712 651949105
883713 884736 646883024
885761 886784 654197570
884737 885760 645674126
886785 887808 651904252
887809 888832 654969414
889857 890880 651675022
888833 889856 649212030
890881 891904 657668977
891905 892928 654914929
892929 893952 655323414
893953 894976 660755569
894977 896000 657362975
896001 897024 654696484
897025 898048 655606033
898049 899072 660870252
899073 900096 655598528
900097 901120 662769174
901121 902144 664663792
902145 903168 661385582
903169 904192 662685035
904193 905216 665896036
905217 906240 666212204
906241 907264 668746293
907265 908288 666366835
908289 909312 672117420
909313 910336 666991651
910337 911360 668961914
911361 912384 667617578
912385 913408 668319075
913409 914432 661875398
914433 915456 673095524
915457 916480 671009673
916481 917504 671838030
917505 918528 678181367
919553 920576 677044442
918529 919552 673937841
921601 922624 680497560
920577 921600 672423240
922625 923648 674040708
923649 924672 678559525
924673 925696 684943574
925697 926720 678181865
926721 927744 678072940
927745 928768 678768529
928769 929792 682076740
929793 930816 683151418
930817 931840 679444700
931841 932864 683409227
933889 934912 689089551
932865 933888 683979114
934913 935936 683135762
935937 936960 685715885
937985 939008 691411512
936961 937984 685778513
939009 940032 684701020
940033 941056 691749973
941057 942080 690688919
942081 943104 689401066
943105 944128 689764541
945153 946176 690038704
944129 945152 692233941
946177 947200 691282159
947201 948224 696963327
948225 949248 693433137
949249 950272 697136353
950273 951296 700352563
951297 952320 697116520
952321 953344 695162198
953345 954368 695904941
954369 955392 699342508
955393 956416 699381751
956417 957440 699849019
957441 958464 697098445
959489 960512 701902666
958465 959488 702154464
960513 961536 704967168
961537 962560 704165137
962561 963584 705067682
963585 964608 704483842
964609 965632 711483276
965633 966656 710385302
966657 967680 699900016
967681 968704 714455972
968705 969728 705418071
969729 970752 709216748
970753 971776 718192416
971777 972800 711745955
972801 973824 709957006
973825 974848 712979790
974849 975872 717905898
975873 976896 710720548
976897 977920 711584004
978945 979968 716104640
980993 982016 720281833
977921 978944 714811770
979969 980992 712768195
982017 983040 716073897
983041 984064 720551993
984065 985088 720288636
985089 986112 721012532
986113 987136 722886196
987137 988160 718377883
988161 989184 721683884
989185 990208 726199094
990209 991232 724150583
991233 992256 726512729
992257 993280 720299145
993281 994304 727147040
994305 995328 724642877
995329 996352 728609872
996353 997376 729590472
997377 998400 731414711
998401 999424 730172726
999425 1000448 730548759
1000449 1001472 730014027
1003521 1004544 731392926
1001473 1002496 735375323
1002497 1003520 737233007
1004545 1005568 735804395
1005569 1006592 737077117
1006593 1007616 731385295
1007617 1008640 740914841
1008641 1009664 740927609
1009665 1010688 734410035
1010689 1011712 738430449
1011713 1012736 744195153
1012737 1013760 732466184
1013761 1014784 742735893
1014785 1015808 740242756
1015809 1016832 745674523
1016833 1017856 738194208
1018881 1019904 750388928
1017857 1018880 739071837
1019905 1020928 744556280
1020929 1021952 750588086
1021953 1022976 745720339
1022977 1024000 747999293
1024001 1025024 745852065
1025025 1026048 749479194
1026049 1027072 752969592
1028097 1029120 750242409
1027073 1028096 748581150
1029121 1030144 757852533
1030145 1031168 745473324
1031169 1032192 745381535
1032193 1033216 757853860
1033217 1034240 758331855
1034241 1035264 753331029
1035265 1036288 757148852
1036289 1037312 753741471
1037313 1038336 762563267
1038337 1039360 754735774
1039361 1040384 755225930
1040385 1041408 758821048
1041409 1042432 760147098
1042433 1043456 761121342
1043457 1044480 765453225
1044481 1045504 758032037
1045505 1046528 759768745
1046529 1047552 764327933
1047553 1048576 765022171
