8000000 6945584
16000000 13958510
24000000 21655194
40000000 35072179
56000000 50566765
88000000 79330415
104000000 93079035
136000000 122284688
152000000 136319651
184000000 165747167
232000000 209085349
248000000 221117856
296000000 266572861
328000000 293462854
344000000 309914983
376000000 338365092
424000000 381419944
472000000 425081745
488000000 437395195
536000000 482257728
568000000 512751550
584000000 526823398
632000000 564018583
664000000 596624946
712000000 642837824
776000000 695938913
808000000 721671953
824000000 739002607
856000000 771634143
872000000 787067087
904000000 816454832
1016000000 907537663
1048000000 941696962
1096000000 989324103
1112000000 1004301675
1192000000 1074489932
1208000000 1087492034
1256000000 1123444568
1304000000 1170067409
1336000000 1203242277
1384000000 1249959258
1432000000 1294038206
1448000000 1308561459
1528000000 1375479865
1544000000 1387835925
1576000000 1411916363
1592000000 1423268972
1688000000 1521996980
1784000000 1612473260
1816000000 1641653822
1832000000 1655874985
1864000000 1683487202
1912000000 1722815582
1928000000 1735535677
2008000000 1795372603
2056000000 1844313525
2104000000 1895120949
2152000000 1942469892
2168000000 1957954801
2216000000 2003078877
2248000000 2032336780
2264000000 2047108295
2344000000 2117674081
2456000000 2208379711
2488000000 2230955562
2504000000 2242540415
2536000000 2272211984
2648000000 2386278065
2696000000 2433939902
2776000000 2509941227
2792000000 2524594707
2824000000 2554125065
2872000000 2597661053
2936000000 2654344773
2984000000 2694817379
3032000000 2734916163
3064000000 2760529286
3112000000 2797135426
3176000000 2847477348
3208000000 2873890666
3272000000 2943311775
3352000000 3024431784
3368000000 3040368759
3448000000 3117447648
3464000000 3132602258
3512000000 3176868849
3544000000 3206427512
3592000000 3250005006
3656000000 3307808512
3688000000 3335968617
3704000000 3349867916
3736000000 3377064858
3832000000 3456452022
3896000000 3507327096
3928000000 3532075135
3992000000 3577021766
4024000000 3608433686
4072000000 3657719945
4168000000 3755752198
4184000000 3772213957
