100000 82589
200000 167412
300000 261379
500000 420255
700000 610331
1100000 956984
1300000 1126982
1700000 1477181
1900000 1645724
2300000 1998809
2900000 2526476
3100000 2676627
3700000 3222823
4100000 3549272
4300000 3745595
4700000 4087456
5300000 4611766
5900000 5142192
6100000 5295613
6700000 5846201
7100000 6209408
7300000 6377184
7900000 6838132
8300000 7223003
8900000 7777617
9700000 8423779
10100000 8738122
10300000 8948067
10700000 9336787
10900000 9520174
11300000 9872880
12700000 10996648
13100000 11410940
13700000 11978944
13900000 12161088
14900000 13013468
15100000 13174162
15700000 13639618
16300000 14200054
16700000 14584654
17300000 15140831
17900000 15673345
18100000 15848232
19100000 16668264
19300000 16822767
19700000 17121421
19900000 17264135
21100000 18430342
22300000 19520805
22700000 19872037
22900000 20044069
23300000 20376192
23900000 20855491
24100000 21011536
25100000 21757641
25700000 22382970
26300000 22974112
26900000 23538317
27100000 23723641
27700000 24269759
28100000 24626666
28300000 24807430
29300000 25666540
30700000 26799933
31100000 27096270
31300000 27253911
31700000 27638036
33100000 28974892
33700000 29532728
34700000 30433931
34900000 30609822
35300000 30967090
35900000 31492578
36700000 32175449
37300000 32664912
37900000 33164725
38300000 33491965
38900000 33957290
39700000 34590030
40100000 34920805
40900000 35713874
41900000 36663839
42100000 36855267
43100000 37782277
43300000 37964659
43900000 38497393
44300000 38854624
44900000 39382798
45700000 40081306
46100000 40422370
46300000 40589544
46700000 40920086
47900000 41903728
48700000 42538695
49100000 42841709
49900000 43406050
50300000 43789614
50900000 44396908
52100000 45556615
52300000 45747752
54100000 47417241
54700000 47960665
55700000 48847042
56300000 49375135
56900000 49901883
57100000 50074751
57700000 50590707
58700000 51428590
59300000 51917989
59900000 52393370
60100000 52554448
60700000 53042909
61300000 53509020
61700000 53807455
61900000 53953397
63100000 54985803
64100000 55972791
64300000 56175617
64700000 56561624
65300000 57142428
65900000 57710975
66100000 57901995
67300000 59011192
67700000 59380812
68300000 59928302
69100000 60652960
70100000 61547015
70900000 62264922
71900000 63143682
72700000 63844090
73300000 64357410
73900000 64864184
74300000 65195236
75100000 65855129
75700000 66372792
76100000 66707516
76900000 67366501
77300000 67686659
78700000 68828102
79700000 69668710
80900000 70792023
81100000 70987013
82100000 71933975
82300000 72119975
82700000 72491879
82900000 72677569
83900000 73601434
85300000 74891249
85700000 75256533
85900000 75436597
86300000 75800337
87700000 77041929
88100000 77405071
88300000 77586136
88700000 77942176
90700000 79701742
91100000 80048677
91900000 80738297
92900000 81582152
93700000 82245974
94100000 82591452
94700000 83104478
95300000 83608077
96700000 84759764
97100000 85081395
97700000 85552278
98300000 86023021
99100000 86630000
99700000 87066988
100900000 88178124
101300000 88571069
101900000 89155627
102100000 89349942
103100000 90295385
103300000 90484809
103900000 91037364
104900000 91979161
105100000 92168406
106100000 93093262
106300000 93276343
106900000 93830416
108700000 95457641
109100000 95820030
109300000 95995259
109700000 96354727
110300000 96887918
110900000 97418542
111700000 98121420
112300000 98649576
112900000 99180973
115100000 101096989
115300000 101268566
116300000 102119370
117100000 102789926
118100000 103628770
118700000 104124123
119300000 104614151
120100000 105259353
121300000 106250025
121700000 106570491
122300000 107046976
122900000 107512400
123100000 107666035
123700000 108119372
124900000 108985602
125900000 109968452
127700000 111731535
127900000 111926167
128300000 112316208
128900000 112892840
129100000 113088089
129700000 113659358
130100000 114036316
130300000 114224054
130700000 114605386
131900000 115732663
132100000 115919725
132700000 116472740
136100000 119580168
136700000 120124581
137300000 120663583
138100000 121388907
139900000 122996122
140900000 123898348
142300000 125144183
142700000 125497522
142900000 125674700
143300000 126030553
143900000 126562426
144700000 127264185
145100000 127617688
145300000 127792908
145900000 128312132
147100000 129345783
148100000 130193343
148300000 130363361
148700000 130700545
148900000 130869515
149300000 131204468
149900000 131695264
151100000 132738433
152300000 133756809
153100000 134432815
154300000 135416704
154900000 135900178
155300000 136220922
155900000 136693997
156700000 137383769
157100000 137756043
157900000 138479147
158300000 138839012
159700000 140081247
160100000 140440470
160700000 141012500
160900000 141204549
161300000 141575741
161900000 142136735
162100000 142323982
162700000 142881633
163700000 143803436
165700000 145622977
166300000 146158141
166700000 146519917
166900000 146704234
169300000 148899636
169700000 149262591
169900000 149444087
170900000 150348761
172100000 151423425
172300000 151602612
173300000 152499116
174100000 153206506
174700000 153734994
175300000 154266227
175900000 154809256
177700000 156411315
178300000 156942255
178700000 157292613
178900000 157467875
180100000 158522953
181100000 159404409
182300000 160448017
183100000 161140113
184700000 162511061
186100000 163693053
186700000 164195101
187100000 164527902
187300000 164693135
187700000 165036409
187900000 165215375
188900000 166093950
190100000 167131683
190700000 167645498
191300000 168157099
193100000 169670349
193300000 169836542
194900000 171148544
195100000 171306174
197300000 173090810
197900000 173566278
198700000 174190261
199300000 174655450
199700000 174957069
199900000 175108091
200300000 175474812
201100000 176248995
201700000 176818825
202700000 177771498
202900000 177965697
203900000 178905703
205300000 180212625
206300000 181134952
206900000 181687103
208100000 182774956
208300000 182957877
208700000 183324647
208900000 183513247
209900000 184436818
211100000 185538528
211300000 185724490
212900000 187178108
213100000 187364631
213700000 187909903
214100000 188274493
214300000 188458711
215300000 189358221
216100000 190078498
217900000 191685123
220300000 193818159
220700000 194177272
221300000 194711408
222100000 195420423
223700000 196829387
223900000 197006287
224300000 197359960
225100000 198064180
226700000 199474905
226900000 199649546
227300000 200000899
228100000 200700086
228700000 201225109
229300000 201741709
229700000 202087528
230900000 203120977
231100000 203293618
233300000 205163018
233900000 205670657
234100000 205839549
234700000 206349690
235100000 206694501
235700000 207204419
237100000 208383753
237700000 208886995
238100000 209221324
238300000 209387680
238900000 209886201
239300000 210216070
239900000 210707410
241100000 211713070
241700000 212213377
242300000 212707975
243700000 213849416
244100000 214171856
244700000 214656629
245900000 215605784
246700000 216230859
247300000 216693884
247700000 216999437
250300000 219011664
252100000 220780041
253100000 221742304
253900000 222510030
254300000 222896243
254900000 223472324
255100000 223668273
255700000 224239332
257900000 226312348
259100000 227429553
259300000 227616450
260900000 229108013
261700000 229850108
262100000 230224269
263300000 231330444
264700000 232611623
265700000 233526949
265900000 233712422
266300000 234076683
267100000 234800434
267700000 235352414
268300000 235895481
268700000 236255650
268900000 236441358
269300000 236808253
269900000 237351977
270700000 238068924
271100000 238437436
271300000 238616731
271900000 239153151
272900000 240051002
273100000 240231550
274100000 241127654
274900000 241842454
275300000 242204443
276700000 243457011
277700000 244341239
278900000 245407944
279100000 245586787
279700000 246114801
280100000 246470867
280300000 246650369
281900000 248079906
283300000 249323241
283700000 249678077
284300000 250208525
285100000 250915265
285700000 251440305
286100000 251796318
287900000 253376170
288700000 254079910
289700000 254949840
290300000 255473581
290900000 255995833
291700000 256682668
292700000 257549868
293900000 258579244
295300000 259773259
295700000 260115546
296300000 260620082
296900000 261128087
297100000 261294569
299900000 263620227
300100000 263789111
301100000 264656904
301900000 265348451
302300000 265689627
303700000 266878969
304100000 267217439
304900000 267883033
306100000 268884439
306700000 269379438
307900000 270363586
308300000 270688031
308900000 271173605
310900000 272762485
311900000 273542598
312100000 273695870
313700000 275155940
316300000 277594337
316700000 277971964
316900000 278162823
318100000 279275139
318700000 279827732
319100000 280197199
320300000 281295858
320900000 281865085
321700000 282611394
322100000 282980842
322900000 283727770
325100000 285753046
325300000 285941321
325700000 286307407
325900000 286494475
327100000 287593677
329900000 290157120
330100000 290340611
330700000 290884023
331300000 291434174
331900000 291974168
332300000 292329896
332900000 292869928
333100000 293054787
334300000 294151847
334700000 294517197
335900000 295614444
336100000 295799923
337100000 296715769
337300000 296897535
338900000 298346404
339100000 298531209
340700000 299972205
341300000 300513619
343300000 302316231
344900000 303754117
345700000 304478141
346100000 304842146
346300000 305022337
346700000 305381150
346900000 305558508
349100000 307520422
349900000 308228056
351100000 309310568
351700000 309853015
352700000 310757427
352900000 310939919
353300000 311297458
353900000 311832564
354100000 312012774
354700000 312545045
355700000 313432458
355900000 313610957
357100000 314673437
358100000 315565671
358300000 315743001
359300000 316623144
360700000 317874472
361300000 318406303
361700000 318759249
362300000 319287925
363100000 319997035
363700000 320522479
364300000 321052069
365900000 322455887
367100000 323505070
367300000 323677795
367700000 324030109
369100000 325238924
369700000 325761481
370100000 326100885
370900000 326795636
371900000 327644962
372700000 328329855
373300000 328843990
373900000 329354110
376100000 331268783
376700000 331802948
376900000 331982508
377900000 332870412
379300000 334099230
379700000 334454070
380300000 334975519
382100000 336542466
382300000 336716872
383300000 337578983
384700000 338784365
385100000 339124751
385300000 339297532
386300000 340150698
387700000 341335197
388100000 341673547
388900000 342340424
390700000 343833405
391100000 344174365
391700000 344688981
391900000 344859520
392300000 345197689
392900000 345698580
393100000 345864041
394300000 346874901
394700000 347204206
396700000 348855959
398900000 350648238
400100000 351618507
400300000 351808871
400700000 352187227
401300000 352745608
401900000 353304447
402100000 353489065
402700000 354053436
404900000 356078889
405100000 356262935
405700000 356817786
407300000 358281486
407900000 358838789
409100000 359935256
409300000 360115445
409900000 360658540
411100000 361752167
412700000 363205876
412900000 363386895
413300000 363748155
413900000 364291650
415300000 365542761
415700000 365897855
415900000 366076966
417700000 367702844
420100000 369877388
421100000 370783471
421700000 371321721
421900000 371505558
422900000 372415061
423100000 372597295
424100000 373493202
424300000 373674442
425300000 374567065
425900000 375112348
426100000 375292852
427100000 376197128
427300000 376379700
428300000 377277801
428900000 377819703
429700000 378530462
432700000 381207199
433700000 382088749
433900000 382269497
434900000 383155501
435700000 383865371
436300000 384396509
437300000 385272583
439100000 386879034
439700000 387413029
440900000 388484802
442100000 389561567
442300000 389741116
444100000 391336734
444700000 391872308
445100000 392230856
445700000 392755552
446300000 393283709
448100000 394869494
448300000 395046230
449300000 395925324
450700000 397159509
451300000 397687694
451700000 398043831
451900000 398220113
452300000 398570503
454700000 400675177
454900000 400852495
456100000 401897303
456700000 402422213
458300000 403811572
459100000 404506330
459700000 405030825
460300000 405550131
462100000 407105850
463700000 408477456
463900000 408651063
464300000 408993075
464900000 409509974
465100000 409683119
465700000 410194708
466300000 410703304
467300000 411554796
467900000 412062963
469100000 413086973
470300000 414133754
472100000 415688409
472300000 415861999
472900000 416376477
473300000 416719155
475100000 418258467
475900000 418939453
478300000 420972917
478700000 421310271
478900000 421478912
479300000 421817233
479900000 422319526
480100000 422489436
481300000 423502312
481700000 423838089
483100000 425014420
486100000 427506923
487100000 428332416
487700000 428819127
488900000 429803087
490300000 430941650
490900000 431426546
491900000 432231909
493100000 433192231
493300000 433352208
493700000 433667902
494300000 434144057
495100000 434772988
495700000 435241967
496700000 436024010
496900000 436178631
497300000 436489059
498700000 437565303
499300000 438022989
499900000 438477421
500300000 438838423
500900000 439428099
501100000 439622029
502100000 440577013
502300000 440768789
503900000 442289976
505100000 443432718
505900000 444176664
507700000 445862105
508100000 446246139
508700000 446812924
509900000 447946934
510100000 448134935
510700000 448698194
511300000 449254332
511900000 449810049
514700000 452403751
515300000 452963428
516700000 454259662
517100000 454628889
517900000 455361537
518900000 456285346
519700000 457008514
520900000 458112983
522700000 459764953
523100000 460133658
523300000 460323122
523700000 460691564
526100000 462879456
527300000 463975340
527900000 464525812
528100000 464708913
529700000 466158058
530300000 466704265
530900000 467248666
532300000 468521982
533300000 469425994
534700000 470700288
535100000 471058265
538100000 473766725
538700000 474306245
539300000 474857271
539900000 475395102
540700000 476108824
541300000 476644601
541700000 477010562
541900000 477194317
543100000 478265136
543700000 478802639
544100000 479159935
544300000 479342613
544900000 479879634
547100000 481836958
547700000 482368843
547900000 482552772
548300000 482908099
550100000 484508635
550300000 484689197
550700000 485053900
551900000 486121152
552100000 486299896
552700000 486837182
553100000 487193633
555700000 489502902
556300000 490038938
556900000 490569851
557300000 490925108
558100000 491631759
559100000 492521043
562300000 495355304
563900000 496786027
564100000 496964522
564700000 497499702
565100000 497855216
565300000 498030018
565700000 498389339
565900000 498566887
566900000 499458052
568300000 500702369
568900000 501230495
569300000 501588827
570100000 502293827
571100000 503175654
571700000 503706743
573700000 505470749
574100000 505823716
574300000 505999583
574900000 506519519
577900000 509152596
578300000 509503028
579100000 510205767
580100000 511071875
580700000 511603906
581300000 512124805
582100000 512824407
582700000 513346527
583900000 514381924
584300000 514732996
584900000 515251615
585100000 515428271
585700000 515942531
586100000 516290072
586700000 516808839
586900000 516982872
587900000 517843512
588100000 518017942
589700000 519395256
590300000 519907923
592300000 521618676
592700000 521960522
593900000 522981797
595300000 524171575
598100000 526535059
598700000 527037221
600700000 528727344
601100000 529074235
602900000 530632697
603700000 531322752
604300000 531838875
604700000 532178039
605300000 532691713
606700000 533888872
607300000 534395452
607900000 534903962
608900000 535742698
609100000 535911746
610100000 536752233
611300000 537766867
612100000 538430358
613100000 539260606
613300000 539427391
614300000 540256687
615100000 540916077
616300000 541905110
617300000 542728385
619700000 544670930
619900000 544833251
620300000 545155669
621100000 545798344
621700000 546279686
622100000 546598071
622900000 547229566
624700000 548650163
625700000 549540960
626300000 550112883
626900000 550689975
627100000 550887481
627700000 551462316
628700000 552394364
629900000 553518588
630100000 553710881
631100000 554650665
631700000 555206545
632300000 555756453
632900000 556321243
633700000 557073191
634300000 557634335
635300000 558561809
635900000 559111627
636100000 559305123
636700000 559860150
637300000 560414330
637900000 560970837
638900000 561885103
639700000 562619483
642100000 564843024
642700000 565396755
644900000 567411522
645100000 567607059
646900000 569245257
647300000 569622692
648100000 570352419
649100000 571277826
652100000 574016869
652900000 574750113
654700000 576392536
655100000 576761010
655300000 576950601
656300000 577857333
656900000 578408952
657100000 578593363
657700000 579134884
658100000 579500810
659900000 581144471
660700000 581864693
661900000 582955854
663700000 584579172
665300000 586010276
665900000 586555671
666100000 586738469
667300000 587828120
667900000 588371722
668900000 589285151
669100000 589470263
670100000 590381226
670300000 590567835
670900000 591118390
671900000 592027574
673300000 593307217
673700000 593673249
676100000 595827453
676300000 596016398
677900000 597468166
678100000 597646304
679100000 598544282
679300000 598726777
680300000 599627642
682300000 601428220
682700000 601795445
682900000 601977008
683300000 602340892
684100000 603061451
685700000 604500255
686300000 605039182
686900000 605582885
687100000 605764092
688300000 606849124
689900000 608288057
690700000 609019008
691100000 609379625
691700000 609920460
694700000 612612024
694900000 612796351
695900000 613695811
696100000 613881240
696700000 614419302
697100000 614783027
697700000 615312845
698300000 615848102
699100000 616558779
699700000 617088134
700100000 617457715
701300000 618536590
701900000 619083603
702700000 619810519
703900000 620890360
704300000 621258353
705700000 622520363
706900000 623590802
707900000 624493651
710300000 626635161
710900000 627173503
712100000 628245305
712700000 628786053
712900000 628965937
715100000 630919479
715900000 631634090
717700000 633250409
718700000 634138849
719300000 634669048
720700000 635925008
721100000 636287408
721300000 636473694
721900000 637016762
722900000 637902872
723700000 638612842
724300000 639148042
724700000 639508001
725300000 640042894
728300000 642710617
729700000 643947295
730700000 644829829
730900000 645008861
732100000 646071092
733100000 646958726
733300000 647135957
734900000 648541208
735100000 648723115
736900000 650304024
739300000 652399852
741100000 653968384
741700000 654492548
743300000 655872862
745100000 657443359
745700000 657962368
745900000 658140836
747700000 659695316
748100000 660044184
748700000 660561229
748900000 660735746
749900000 661589067
750700000 662306754
751700000 663213896
752300000 663755200
752900000 664291528
753700000 665013290
754100000 665375565
754700000 665908402
754900000 666087849
755900000 666987949
756100000 667171498
757300000 668229968
757700000 668593851
758300000 669129419
758900000 669657513
759100000 669837292
760300000 670903940
760700000 671253425
762100000 672487926
763900000 674080092
764300000 674431740
764900000 674964609
766900000 676712190
767300000 677064585
768100000 677773565
768700000 678289741
769100000 678642710
769900000 679334541
770300000 679687208
771700000 680903841
772300000 681426543
772700000 681774683
774100000 682981935
775300000 684013631
775700000 684364598
775900000 684541373
778900000 687095401
779300000 687438992
781700000 689473750
782300000 690003756
782900000 690534512
784100000 691589614
785300000 692632500
786700000 693842091
787300000 694366611
787700000 694717313
787900000 694895822
788300000 695242811
790100000 696787160
790700000 697305320
791900000 698338453
792700000 699023587
793300000 699535897
793700000 699878744
794900000 700904311
795100000 701084596
796300000 702109286
799300000 704630897
800900000 706042686
801100000 706220248
801700000 706768779
803900000 708750844
805300000 710011888
805900000 710550008
806900000 711445107
808100000 712520264
808700000 713044527
808900000 713228175
809300000 713590334
810100000 714309843
811100000 715208759
811700000 715749015
812300000 716271503
814700000 718423624
816100000 719680284
816700000 720217562
817100000 720575995
817900000 721282268
819100000 722357569
820900000 723960674
821900000 724852885
822100000 725035086
823100000 725927109
823300000 726106308
823700000 726459111
824300000 726999213
826300000 728777656
826900000 729310740
827300000 729666444
828700000 730904936
829100000 731258265
829300000 731434491
829700000 731785414
831100000 733018179
831700000 733549923
832900000 734609819
835300000 736747579
836300000 737640886
836900000 738181903
837700000 738893392
838700000 739791548
838900000 739969181
841900000 742652259
842300000 743018186
842900000 743544330
843100000 743727814
844300000 744804219
844700000 745166952
846100000 746412486
846700000 746955397
850100000 749965553
851300000 751032629
852100000 751758277
852700000 752296533
853700000 753183843
853900000 753369125
854300000 753729089
856300000 755500852
857300000 756395500
858100000 757104406
859700000 758521908
859900000 758702207
860900000 759590760
862300000 760831026
862700000 761188984
862900000 761374710
864100000 762433437
864700000 762966137
866300000 764378383
866900000 764905465
867700000 765613903
868100000 765970010
868900000 766675822
869300000 767030705
869900000 767564131
870700000 768268315
871300000 768798793
871900000 769325340
873100000 770379496
873700000 770902900
874100000 771255903
874700000 771783251
875300000 772317421
876100000 773028706
877900000 774628686
878300000 774986386
880300000 776766781
880700000 777125749
881900000 778193428
882100000 778371851
883100000 779266990
883700000 779797129
883900000 779978116
884900000 780862449
886100000 781927277
886300000 782108991
886700000 782458204
888700000 784229361
889300000 784757317
892300000 787397656
892900000 787923869
893300000 788277570
894100000 788984396
895100000 789860162
896300000 790918458
896900000 791442213
897100000 791618477
899900000 794065211
900100000 794241418
900700000 794777343
901100000 795129671
901300000 795308978
902900000 796719704
904100000 797781938
904300000 797955776
904900000 798483048
905900000 799355338
906700000 800059481
909100000 802157975
910300000 803212129
910900000 803735886
912700000 805311658
913300000 805834123
913700000 806185826
915100000 807405516
915700000 807926519
916100000 808276964
917300000 809318588
918100000 810012580
918700000 810534918
919900000 811579883
920300000 811928087
920900000 812447997
922100000 813488884
922700000 814008309
923900000 815048157
924100000 815221188
925700000 816597918
927700000 818323032
928100000 818666928
928300000 818837822
929300000 819697463
931100000 821245250
931900000 821928690
932300000 822269405
933700000 823464021
934100000 823808025
934300000 823977665
934900000 824491343
937100000 826354762
937700000 826872731
939100000 828103760
939700000 828636186
940300000 829165691
941300000 830042427
941900000 830567322
942100000 830742563
943100000 831620249
943300000 831792817
943700000 832142226
943900000 832318927
946100000 834229961
946300000 834405191
946700000 834754453
947300000 835277587
947900000 835799579
949100000 836834192
949700000 837353762
951100000 838566114
952100000 839433371
953300000 840466094
953900000 840985773
954700000 841674071
955100000 842022078
958700000 845106017
960100000 846301907
961300000 847325680
961900000 847840558
962300000 848179430
962900000 848690563
963100000 848863340
964300000 849879936
964900000 850389076
966100000 851408098
967700000 852765166
967900000 852937179
968900000 853781650
969700000 854456953
971900000 856300489
972100000 856467478
973300000 857472531
973900000 857978022
974300000 858309670
974900000 858806446
976700000 860301696
976900000 860466273
978100000 861472461
978700000 861973371
979100000 862307161
980300000 863301325
981100000 863966928
981700000 864459792
982900000 865448163
983300000 865778821
983900000 866270695
985100000 867260187
985700000 867750054
985900000 867910779
987100000 868893909
988300000 869870921
988700000 870191659
990100000 871327284
990700000 871814597
992300000 873106960
992900000 873586094
993100000 873750320
994100000 874550550
994900000 875192532
996700000 876625910
997300000 877109065
1000700000 879889592
1000900000 880077656
1003700000 882696242
1003900000 882886808
1006100000 884931362
1006700000 885491970
1006900000 885680278
1007900000 886612993
1009100000 887720315
1009300000 887913325
1009900000 888462035
1010300000 888842685
1011100000 889572091
1013300000 891588684
1013900000 892141896
1014100000 892328003
1015100000 893246238
1015900000 893980718
1016300000 894356843
1016900000 894906397
1017700000 895654267
1018100000 896030501
1019300000 897123033
1021100000 898793104
1022300000 899888650
1024300000 901719090
1024700000 902079011
1025300000 902626541
1025900000 903181944
1026700000 903919099
1027100000 904281885
1027300000 904468793
1028900000 905921447
1030100000 907019207
1030300000 907200034
1031300000 908111285
1032100000 908851114
1033100000 909745236
1033300000 909931127
1033700000 910300894
1034300000 910847512
1035700000 912105180
1036900000 913190433
1039100000 915182556
1039900000 915899048
1042700000 918435146
1042900000 918617052
1043300000 918983292
1045300000 920792781
1045700000 921160590
1045900000 921342860
1046300000 921712931
1047700000 922985418
1048700000 923887160
1049900000 924962582
1050100000 925148772
1051300000 926231796
1052900000 927671315
1053100000 927856091
1055900000 930387083
1056700000 931107675
1058900000 933072264
1059700000 933805346
1060100000 934165175
1060700000 934702645
1061300000 935242529
1062700000 936493973
1063100000 936862927
1063900000 937583929
1065100000 938662632
1065700000 939210502
1066300000 939751638
1066700000 940114144
1068700000 941907902
1069100000 942278062
1070900000 943891986
1071100000 944079481
1072300000 945147383
1072900000 945685631
1073300000 946043532
1073900000 946578158
1075300000 947838334
1077100000 949446434
1078100000 950355419
1078900000 951076585
1079900000 951970317
1083100000 954828589
1083700000 955362357
1084700000 956251995
1085300000 956787211
1085900000 957321139
1086100000 957496913
1086700000 958034488
1088300000 959464916
1088900000 960003461
1089100000 960183131
1090300000 961249109
1090900000 961782048
1093700000 964257595
1093900000 964439673
1094900000 965330586
1095700000 966044849
1097300000 967468712
1097900000 967998424
1098700000 968707142
1099300000 969241661
1100300000 970140310
1102700000 972294249
1104700000 974077515
1105700000 974970073
1105900000 975150696
1106900000 976044314
1107100000 976227918
1108300000 977293443
1108700000 977642071
1109300000 978178315
1111300000 979943478
1111700000 980298908
1111900000 980478698
1113100000 981551201
1114900000 983145265
1115900000 984027729
1116100000 984207156
1117100000 985098812
1117300000 985275903
1117700000 985632437
1119700000 987400261
1121300000 988822546
1123900000 991115934
1124300000 991471092
1125100000 992178258
1125700000 992714079
1126100000 993071040
1127300000 994135641
1127900000 994676609
1128700000 995389112
1129900000 996452932
1131100000 997523079
1131700000 998055430
1132100000 998415139
1132900000 999125786
1135100000 1001070733
1135300000 1001242611
1136900000 1002664825
1138300000 1003907556
1139300000 1004796920
1139900000 1005325008
1141100000 1006384360
1142300000 1007443465
1143700000 1008680805
1144300000 1009209078
1144700000 1009557530
1146700000 1011322469
1147100000 1011674165
1148300000 1012726989
1148900000 1013252058
1149100000 1013427976
1149700000 1013947220
1150300000 1014474880
1151900000 1015886178
1152700000 1016584183
1154900000 1018518359
1155100000 1018695057
1157900000 1021144158
1158700000 1021850121
1159300000 1022373346
1159700000 1022721799
1161700000 1024475497
1162100000 1024820825
1163300000 1025872034
1165700000 1027964819
1167700000 1029701216
1168100000 1030054238
1168900000 1030748377
1169900000 1031620198
1170100000 1031792877
1171700000 1033180895
1171900000 1033351394
1173100000 1034395792
1174300000 1035434129
1177700000 1038374087
1177900000 1038553480
1178300000 1038902631
1178900000 1039418068
1180100000 1040455707
1180700000 1040979111
1181300000 1041497614
1182100000 1042184363
1182700000 1042705718
1183100000 1043048011
1183300000 1043223566
1183900000 1043737251
1186300000 1045791382
1186700000 1046134093
1188700000 1047856258
1189700000 1048718401
1190300000 1049229705
1190900000 1049745114
1192300000 1050941034
1192700000 1051287982
1193300000 1051797800
1193900000 1052312071
1194100000 1052482866
1195300000 1053507057
1195900000 1054016391
1196900000 1054866757
1197100000 1055037073
1198100000 1055880984
1198700000 1056389930
1200700000 1058091919
1201100000 1058440095
1203700000 1060690726
1204100000 1061031878
1204300000 1061207589
1204900000 1061725860
1207100000 1063622157
1207300000 1063794883
1209700000 1065850980
1210100000 1066192012
1210700000 1066707167
1210900000 1066879431
1211300000 1067216383
1211900000 1067726467
1214300000 1069778087
1214900000 1070287000
1215700000 1070968384
1216100000 1071307057
1216300000 1071479893
1219700000 1074347419
1220300000 1074853330
1221100000 1075531911
1222700000 1076881737
1223900000 1077889111
1224100000 1078054896
1225100000 1078892054
1225300000 1079058778
1226300000 1079893825
1226900000 1080398583
1227700000 1081064012
1228100000 1081392757
1228900000 1082064908
1230100000 1083059885
1232300000 1084887271
1232900000 1085387659
1234300000 1086544241
1234700000 1086877162
1237300000 1089010027
1237700000 1089338362
1237900000 1089498060
1239100000 1090474686
1240100000 1091293505
1240900000 1091943107
1241300000 1092268555
1242100000 1092919685
1243300000 1093895083
1243700000 1094217297
1245100000 1095346583
1245700000 1095826893
1247300000 1097113821
1247900000 1097593841
1248700000 1098228255
1249100000 1098545170
1249700000 1099026003
1250300000 1099538813
1251100000 1100279633
1251700000 1100849977
1252700000 1101784460
1253900000 1102910138
1254100000 1103102089
1254700000 1103659791
1255300000 1104226810
1256900000 1105704591
1257700000 1106452524
1258300000 1107005669
1258900000 1107566318
1260100000 1108679334
1261100000 1109606526
1261300000 1109796862
1261900000 1110355573
1263700000 1112016877
1264100000 1112383203
1264700000 1112934917
1265300000 1113496679
1265900000 1114059682
1267100000 1115170254
1268900000 1116837494
1269700000 1117570180
1270300000 1118120083
1271300000 1119042063
1272100000 1119774417
1273900000 1121445114
1274300000 1121811431
1275700000 1123085813
1276300000 1123649781
1278100000 1125276612
1279100000 1126194871
1279900000 1126915269
1280900000 1127840398
1282100000 1128944721
1282300000 1129139093
1282900000 1129686592
1284100000 1130791867
1285300000 1131886540
1288900000 1135149286
1289300000 1135517024
1289900000 1136078997
1290700000 1136808667
1291100000 1137177416
1291700000 1137720610
1291900000 1137912674
1292300000 1138281161
1294100000 1139905312
1295300000 1141007839
1295900000 1141549787
1296700000 1142285624
1297300000 1142840219
1297900000 1143389399
1298300000 1143752941
1300100000 1145363943
1300300000 1145556898
1300700000 1145926006
1300900000 1146114859
1303300000 1148288870
1303700000 1148660716
1304300000 1149212312
1304900000 1149762223
1306300000 1151031092
1309300000 1153750398
1309900000 1154299136
1310300000 1154665519
1310900000 1155222915
1312100000 1156301511
1312700000 1156857307
1314700000 1158672459
1315100000 1159033597
1315900000 1159765757
1316300000 1160133690
1317100000 1160867224
1317700000 1161412341
1318300000 1161955543
1318700000 1162326751
1321700000 1165030029
1321900000 1165219833
1322900000 1166114391
1324100000 1167203083
1324900000 1167931373
1325900000 1168829190
1326700000 1169541550
1329100000 1171698248
1329700000 1172247082
1330900000 1173325157
1331300000 1173681083
1332700000 1174954433
1333100000 1175316098
1333700000 1175856003
1333900000 1176041772
1336700000 1178588379
1338100000 1179844609
1339700000 1181285238
1339900000 1181472087
1341100000 1182572882
1341700000 1183111703
1342100000 1183478600
1344100000 1185291928
1345100000 1186202101
1345700000 1186740399
1346300000 1187286280
1346900000 1187837215
1347700000 1188569346
1348700000 1189461779
1349900000 1190539829
1351300000 1191796688
1352300000 1192702090
1353700000 1193963725
1355300000 1195405319
1356700000 1196675235
1357700000 1197569220
1359100000 1198821693
1359700000 1199360516
1361300000 1200795659
1361900000 1201329217
1362700000 1202061127
1363300000 1202599063
1364900000 1204046348
1366900000 1205836651
1367900000 1206720421
1368100000 1206906430
1368700000 1207452433
1369100000 1207811355
1369300000 1207992661
1369700000 1208354925
1370900000 1209429595
1371100000 1209612609
1372100000 1210510022
1372300000 1210693798
1372900000 1211235518
1375100000 1213205346
1375700000 1213741782
1375900000 1213928777
1376300000 1214287719
1378100000 1215915704
1378900000 1216629298
1379900000 1217533999
1380700000 1218258089
1382900000 1220227542
1383100000 1220410463
1384100000 1221311445
1385900000 1222926814
1387300000 1224171049
1387700000 1224538703
1387900000 1224724853
1388300000 1225087817
1390100000 1226705030
1390300000 1226892868
1390700000 1227252624
1391300000 1227793245
1392100000 1228507171
1393100000 1229405469
1393300000 1229584974
1396300000 1232252159
1396700000 1232619486
1399700000 1235272825
1399900000 1235456171
1400900000 1236350887
1401100000 1236542870
1402900000 1238165799
1403300000 1238529637
1405100000 1240158283
1405700000 1240705712
1407100000 1241957638
1408100000 1242856210
1408300000 1243042370
1408700000 1243413990
1410700000 1245203067
1414300000 1248429113
1414900000 1248969091
1415300000 1249323599
1415900000 1249873593
1417300000 1251119200
1417700000 1251486305
1419700000 1253264051
1420700000 1254177051
1422100000 1255425833
1424300000 1257384196
1424900000 1257921144
1425100000 1258107051
1428100000 1260789550
1429300000 1261858293
1430300000 1262756165
1432100000 1264363384
1432300000 1264550529
1432700000 1264915306
1434100000 1266167380
1434700000 1266704454
1436900000 1268655953
1438700000 1270264321
1438900000 1270447634
1440100000 1271516993
1440700000 1272055131
1441100000 1272417992
1441900000 1273135741
1442300000 1273504931
1443100000 1274220843
1443700000 1274764717
1444700000 1275653890
1444900000 1275836905
1446100000 1276912042
1447900000 1278507555
1448900000 1279399470
1450300000 1280636319
1451900000 1282072427
1453300000 1283314840
1453700000 1283670805
1454300000 1284209238
1454900000 1284738865
1455100000 1284924528
1455700000 1285458492
1456100000 1285818369
1456300000 1285997390
1459100000 1288476737
1459300000 1288656209
1462100000 1291147218
1462700000 1291686679
1462900000 1291870470
1463300000 1292217191
1463900000 1292756705
1465300000 1293986677
1465700000 1294345262
1466900000 1295410459
1468300000 1296641576
1469900000 1298061177
1471300000 1299295530
1471700000 1299655630
1472300000 1300193984
1473100000 1300894700
1473700000 1301419270
1474100000 1301782091
1474700000 1302309518
1475300000 1302836614
1475900000 1303359010
1476700000 1304064293
1477100000 1304424580
1477900000 1305125554
1478300000 1305475737
1479700000 1306708502
1481300000 1308100062
1482100000 1308810276
1482700000 1309332410
1483100000 1309679564
1484300000 1310748566
1485100000 1311441872
1486700000 1312835106
1486900000 1313010581
1487900000 1313886414
1488700000 1314585466
1489100000 1314937062
1489700000 1315459527
1492300000 1317733118
1492900000 1318256076
1493900000 1319124820
1494700000 1319829267
1495100000 1320173373
1495700000 1320701062
1496900000 1321742597
1498300000 1322957510
1501300000 1325580810
1501700000 1325955766
1503100000 1327203940
1505300000 1329183555
1506100000 1329909874
1507300000 1330984558
1507700000 1331348752
1508300000 1331896383
1509100000 1332606079
1510100000 1333505150
1510700000 1334047227
1512100000 1335294845
1513100000 1336188128
1513700000 1336723069
1513900000 1336904573
1514900000 1337789310
1516100000 1338866068
1517300000 1339926857
1518700000 1341171844
1519300000 1341697167
1519900000 1342243350
1521700000 1343830529
1522700000 1344711793
1523300000 1345235795
1524100000 1345937610
1525900000 1347533566
1526300000 1347894644
1526900000 1348419663
1527100000 1348601643
1527700000 1349137854
1528700000 1350024563
1528900000 1350209812
1529900000 1351090042
1530700000 1351789120
1531300000 1352315933
1531900000 1352840776
1532900000 1353713473
1533100000 1353896409
1534900000 1355478672
1535900000 1356358922
1536100000 1356538579
1537300000 1357580349
1537700000 1357933418
1538300000 1358470819
1539100000 1359178127
1540100000 1360035660
1541300000 1361088936
1542700000 1362310343
1543900000 1363356863
1544300000 1363713519
1545100000 1364405172
1546100000 1365279057
1546700000 1365794880
1547300000 1366313669
1549300000 1368037408
1549700000 1368385388
1551100000 1369601404
1552700000 1370987197
1554100000 1372193848
1555100000 1373046766
1555900000 1373732449
1556900000 1374586097
1558100000 1375628747
1558300000 1375800716
1560100000 1377333306
1560700000 1377842498
1561900000 1378861219
1562900000 1379731654
1564100000 1380794689
1564300000 1380976522
1564700000 1381333736
1564900000 1381512397
1566100000 1382583661
1566700000 1383114365
1567100000 1383474285
1567900000 1384182917
1568300000 1384540892
1572700000 1388403306
1573100000 1388752077
1573300000 1388930041
1573700000 1389285175
1573900000 1389468836
1574900000 1390352050
1576100000 1391415586
1576700000 1391948124
1577300000 1392470384
1578700000 1393696483
1579100000 1394049712
1579700000 1394571487
1580300000 1395098728
1580900000 1395626928
1581700000 1396327720
1582300000 1396853620
1585900000 1399995066
1587700000 1401576309
1588100000 1401925544
1588700000 1402455947
1588900000 1402628416
1590100000 1403673828
1590700000 1404207185
1591300000 1404732616
1591900000 1405255457
1592300000 1405608114
1593700000 1406835468
1595900000 1408730668
1597100000 1409768995
1597300000 1409944066
1599100000 1411496003
1600100000 1412361459
1600700000 1412897508
1603300000 1415219792
1605700000 1417348855
1606100000 1417704196
1606300000 1417888222
1606700000 1418249177
1606900000 1418432369
1607300000 1418795463
1608700000 1420039457
1609100000 1420401295
1609700000 1420934232
1610300000 1421464711
1611100000 1422181719
1612700000 1423599371
1613900000 1424667112
1614100000 1424844592
1618300000 1428564650
1618700000 1428930949
1618900000 1429113282
1619300000 1429470526
1621700000 1431593623
1622300000 1432128124
1622900000 1432656831
1623100000 1432836425
1624900000 1434410237
1625300000 1434774006
1626700000 1436025998
1627300000 1436560273
1630100000 1439051986
1631900000 1440658330
1633300000 1441901510
1633900000 1442433588
1634900000 1443321672
1636100000 1444388265
1636300000 1444567829
1636900000 1445096053
1638100000 1446158125
1641100000 1448820313
1641700000 1449353361
1642100000 1449715310
1642700000 1450250916
1643300000 1450781116
1644700000 1452029373
1645100000 1452384261
1645300000 1452566591
1647700000 1454689531
1648100000 1455044636
1648700000 1455580109
1649300000 1456110783
1651900000 1458421744
1652900000 1459305035
1654700000 1460898326
1655300000 1461427548
1656100000 1462133843
1656700000 1462660881
1657300000 1463186671
1660300000 1465842400
1660700000 1466191330
1661900000 1467238819
1663100000 1468295175
1663300000 1468472845
1664900000 1469888057
1665100000 1470066176
1665700000 1470589847
1666100000 1470947470
1667300000 1472007165
1669100000 1473611994
1669300000 1473788989
1669900000 1474321912
1670300000 1474681057
1672900000 1476995285
1674100000 1478070795
1674700000 1478608318
1675900000 1479673597
1676300000 1480035447
1678700000 1482175815
1681100000 1484320540
1682300000 1485386471
1682900000 1485925162
1683100000 1486102996
1684300000 1487167473
1687100000 1489650427
1687900000 1490368025
1688300000 1490722486
1688900000 1491271500
1690100000 1492340894
1690300000 1492524016
1692100000 1494116849
1692700000 1494659243
1693100000 1495019529
1693700000 1495555510
1694300000 1496090723
1696300000 1497860310
1697900000 1499281118
1698100000 1499463415
1698700000 1499998316
1699300000 1500525095
1701100000 1502116782
1702100000 1503008229
1702700000 1503546713
1702900000 1503732627
1703300000 1504093815
1704100000 1504804956
1704700000 1505338772
1705300000 1505871289
1707700000 1508009575
1709300000 1509443219
1709900000 1509970231
1710700000 1510684988
1711700000 1511558898
1712300000 1512088353
1713700000 1513347030
1715900000 1515294380
1716700000 1516005708
1718300000 1517421897
1718900000 1517962806
1719100000 1518141912
1720300000 1519206882
1720700000 1519561806
1720900000 1519742221
1723100000 1521705045
1723900000 1522409252
1725700000 1524028922
1729100000 1527038404
1729300000 1527219903
1729900000 1527757971
1731700000 1529354978
1732100000 1529705907
1732700000 1530243657
1733300000 1530765070
1734100000 1531475578
1735100000 1532364432
1735900000 1533075091
1737700000 1534668567
1738300000 1535205747
1738700000 1535562325
1738900000 1535736793
1739300000 1536096165
1740100000 1536803407
1741700000 1538210339
1741900000 1538389059
1743100000 1539455160
1744300000 1540518593
1744900000 1541043781
1746700000 1542623628
1747100000 1542978608
1747700000 1543507791
1748300000 1544043171
1748900000 1544561900
1749100000 1544743050
1749700000 1545276686
1750900000 1546338320
1751900000 1547228257
1753900000 1549014588
1755100000 1550094904
1756900000 1551705327
1757300000 1552063558
1757900000 1552602029
1758100000 1552783962
1759700000 1554201232
1759900000 1554384172
1760900000 1555280058
1762300000 1556526415
1762700000 1556887606
1765700000 1559553183
1765900000 1559735654
1766900000 1560622425
1768100000 1561692052
1768300000 1561878334
1770700000 1564001282
1771300000 1564535139
1772900000 1565952845
1773700000 1566654974
1774700000 1567537125
1774900000 1567714744
1776100000 1568786237
1778300000 1570733929
1778900000 1571276658
1779100000 1571452838
1780700000 1572870486
1782700000 1574627235
1783700000 1575504716
1783900000 1575687654
1785100000 1576742962
1786300000 1577805207
1788100000 1579394184
1789100000 1580275676
1790300000 1581334244
1790900000 1581865684
1791100000 1582038911
1792100000 1582926520
1792300000 1583100907
1792900000 1583634670
1793900000 1584511927
1795700000 1586092210
1795900000 1586267686
1797100000 1587329047
1797700000 1587855554
1798100000 1588203272
1798700000 1588737595
1798900000 1588917444
1801300000 1591033596
1804100000 1593516884
1804300000 1593701708
1804700000 1594044821
1804900000 1594231722
1805900000 1595114713
1806100000 1595290892
1807700000 1596709639
1808900000 1597763092
1809700000 1598465384
1811900000 1600392398
1812100000 1600573455
1812700000 1601102597
1813100000 1601453775
1813300000 1601635818
1814300000 1602516261
1814900000 1603043194
1816900000 1604806649
1818100000 1605867822
1819100000 1606752761
1819900000 1607457211
1821100000 1608510351
1821700000 1609034685
1822300000 1609562705
1822900000 1610096395
1823300000 1610445626
1825100000 1612034993
1825300000 1612209350
1825700000 1612561145
1826900000 1613618901
1828700000 1615200813
1828900000 1615373703
1830100000 1616428507
1830700000 1616954419
1831100000 1617303081
1831300000 1617478838
1832900000 1618881083
1834100000 1619929996
1835300000 1620984044
1836700000 1622211027
1837100000 1622566462
1837900000 1623261595
1839700000 1624844149
1840100000 1625192320
1841300000 1626243774
1842700000 1627464770
1843300000 1627989104
1843900000 1628514777
1844300000 1628866882
1845100000 1629561478
1845700000 1630086005
1846100000 1630433673
1848100000 1632177479
1849300000 1633224115
1850300000 1634089909
1851700000 1635308371
1852100000 1635658459
1852300000 1635831871
1853900000 1637224303
1854100000 1637400354
1855300000 1638450876
1858300000 1641048726
1858700000 1641397208
1859300000 1641917197
1861700000 1644002994
1863700000 1645725780
1866100000 1647803688
1867100000 1648668780
1867900000 1649358582
1869100000 1650399121
1870100000 1651262661
1871300000 1652290241
1871900000 1652810714
1873100000 1653834268
1874300000 1654867081
1874900000 1655381730
1875700000 1656093045
1877300000 1657508878
1878700000 1658754003
1879300000 1659295541
1879700000 1659656390
1880300000 1660180469
1883900000 1663366109
1885900000 1665132186
1886900000 1666003595
1889900000 1668651148
1891100000 1669705794
1891300000 1669879413
1891700000 1670230986
1891900000 1670404149
1894700000 1672872761
1895900000 1673927390
1897300000 1675142163
1897900000 1675669729
1900100000 1677602531
1900900000 1678299873
1901300000 1678644532
1903100000 1680223158
1903700000 1680747534
1905100000 1681959613
1906900000 1683531840
1907300000 1683879882
1907900000 1684408558
1908100000 1684580466
1908700000 1685104988
1912100000 1688072131
1913900000 1689629648
1914100000 1689803943
1915700000 1691196021
1916300000 1691715325
1918100000 1693281153
1918300000 1693456475
1920700000 1695536801
1921100000 1695875994
1921300000 1696048929
1921900000 1696573226
1923100000 1697622262
1923700000 1698134442
1924900000 1699164500
1925900000 1700030861
1926700000 1700716400
1927300000 1701229266
1928900000 1702620015
1930100000 1703649730
1930900000 1704344405
1931900000 1705200117
1933300000 1706401723
1937300000 1709846749
1937900000 1710364041
1938100000 1710533012
1938700000 1711047514
1939100000 1711392065
1940300000 1712421286
1941700000 1713616649
1942100000 1713958353
1942300000 1714124998
1942700000 1714468291
1942900000 1714637415
1943300000 1714981158
1944100000 1715663508
1944700000 1716167882
1945700000 1717020000
1946300000 1717537406
1946900000 1718050281
1947100000 1718217379
1947700000 1718735535
1948300000 1719243768
1948900000 1719754216
1950100000 1720760973
1950700000 1721264285
1953100000 1723300251
1954100000 1724152574
1954300000 1724321661
1955300000 1725175472
1955900000 1725691293
1957100000 1726715772
1957700000 1727221949
1958300000 1727735315
1959700000 1728918848
1960300000 1729428598
1960900000 1729938661
1966100000 1734331276
1968100000 1736017851
1968700000 1736531354
1969700000 1737370546
1969900000 1737543095
1970900000 1738381524
1971700000 1739048458
1972700000 1739892180
1973900000 1740904529
1975100000 1741887544
1975300000 1742060695
1975900000 1742563950
1976300000 1742903326
1977700000 1744069160
1979300000 1745403952
1980100000 1746069516
1981300000 1747074007
1981900000 1747571245
1984100000 1749405678
1984300000 1749572513
1985300000 1750404235
1986100000 1751066095
1986700000 1751567020
1988900000 1753382866
1989100000 1753551306
1991300000 1755366209
1991900000 1755863624
1992700000 1756527970
1993700000 1757343534
1994900000 1758336930
1996100000 1759315402
1996300000 1759479423
1997300000 1760302183
1997900000 1760792634
1999100000 1761776381
1999300000 1761940850
1999700000 1762266643
2001100000 1763504810
2002100000 1764435532
2002300000 1764623556
2002900000 1765165702
2004700000 1766810626
2005100000 1767177520
2006300000 1768260208
2007100000 1768979475
2008900000 1770629383
2010100000 1771712094
2010700000 1772260352
2011300000 1772812311
2011700000 1773176483
2012300000 1773728120
2012900000 1774269221
2014300000 1775539218
2014700000 1775904927
2014900000 1776087224
2016100000 1777178302
2017300000 1778263081
2017700000 1778625167
2018300000 1779173506
2020100000 1780800524
2021900000 1782419134
2023100000 1783502243
2023300000 1783690017
2024900000 1785128779
2026100000 1786212680
2026900000 1786935084
2028700000 1788563480
2029700000 1789462794
2032300000 1791797065
2032700000 1792168701
2033300000 1792707750
2034100000 1793434052
2034700000 1793985517
2035300000 1794525818
2035700000 1794898455
2035900000 1795081515
2036900000 1795980920
2038900000 1797787407
2039300000 1798156821
2039900000 1798701298
2040700000 1799429208
2041100000 1799789051
2043100000 1801597348
2044100000 1802495848
2044300000 1802681144
2047700000 1805725130
2047900000 1805913066
2048300000 1806290364
2050700000 1808433625
2050900000 1808620566
2052100000 1809695080
2053300000 1810782829
2054300000 1811692444
2054900000 1812229694
2055100000 1812409219
2056300000 1813489320
2059300000 1816180032
2059900000 1816715608
2061100000 1817804144
2062700000 1819245397
2063900000 1820322764
2064100000 1820510038
2066300000 1822462882
2068100000 1824079731
2069300000 1825154490
2070700000 1826413717
2071700000 1827302913
2071900000 1827485997
2073100000 1828551936
2074300000 1829618364
2074700000 1829982003
2074900000 1830160520
2075300000 1830529392
2075900000 1831065683
2077100000 1832139376
2077300000 1832324541
2078900000 1833735808
2080700000 1835351490
2080900000 1835533648
2084900000 1839097947
2085700000 1839807807
2087300000 1841251926
2087900000 1841788175
2088700000 1842504412
2089700000 1843391880
2089900000 1843569213
2090300000 1843936063
2092100000 1845544546
2092900000 1846261686
2093900000 1847156087
2094700000 1847880825
2095900000 1848960875
2096300000 1849313349
2098100000 1850930251
2098300000 1851110363
2100100000 1852705488
2101100000 1853603861
2101300000 1853785119
2101700000 1854146255
2101900000 1854327943
2102300000 1854687537
2103100000 1855395278
2105900000 1857894649
2106100000 1858073965
2106700000 1858620415
2108900000 1860580880
2110100000 1861651165
2110700000 1862190740
2112100000 1863436716
2113900000 1865047376
2114300000 1865397489
2114900000 1865929482
2115700000 1866649208
2116300000 1867181564
2116900000 1867715956
2117900000 1868607396
2118700000 1869320954
2119100000 1869684917
2119300000 1869863119
2121100000 1871465029
2122100000 1872360088
2122700000 1872895620
2124700000 1874669721
2126900000 1876636686
2127700000 1877346553
2128300000 1877886055
2131300000 1880567449
2131700000 1880921702
2131900000 1881101960
2132300000 1881459073
2134100000 1883073301
2134700000 1883616256
2137700000 1886295936
2137900000 1886473697
2138300000 1886837451
2139100000 1887545569
2139700000 1888079014
2140100000 1888439994
2140700000 1888983879
2141900000 1890052279
2143300000 1891299734
2146700000 1894310778
2148100000 1895557017
2148700000 1896100784
2149100000 1896452814
2149300000 1896630178
2149900000 1897160594
2150300000 1897520871
2151700000 1898758951
2152100000 1899115924
2152300000 1899299610
2152900000 1899831986
2155700000 1902317804
2155900000 1902506888
2156300000 1902867467
2156900000 1903405246
2157700000 1904112734
2158700000 1905001494
2158900000 1905180785
2159900000 1906073166
2160100000 1906256674
2161100000 1907137725
2161300000 1907318312
2161700000 1907677980
2164700000 1910334971
2164900000 1910513601
2166100000 1911588590
2167300000 1912644664
2168300000 1913534832
2170100000 1915122981
2171300000 1916189116
2172700000 1917423157
2173700000 1918311785
2173900000 1918491729
2175100000 1919559045
2175700000 1920090183
2176700000 1920979026
2177300000 1921506212
2178700000 1922744109
2179900000 1923812039
2180300000 1924162991
2181700000 1925401444
2182100000 1925753974
2183900000 1927340297
2184100000 1927515307
2185100000 1928396158
2185900000 1929095460
2186300000 1929452663
2187100000 1930153353
2188100000 1931053457
2189300000 1932123821
2191100000 1933725950
2192900000 1935328762
2193700000 1936040225
2194300000 1936571997
2196100000 1938171213
2197700000 1939594294
2199100000 1940836898
2199700000 1941372013
2200300000 1941907770
2201300000 1942808782
2202700000 1944057582
2203100000 1944421554
2203700000 1944951146
2203900000 1945130480
2205100000 1946202133
2206300000 1947276866
2206700000 1947636041
2207300000 1948170789
2207900000 1948700123
2209100000 1949769092
2209300000 1949949816
2210900000 1951375362
2211100000 1951555651
2212300000 1952629052
2212900000 1953165812
2213300000 1953525549
2214700000 1954774337
2215300000 1955313716
2215700000 1955665562
2215900000 1955843776
2217100000 1956902833
2218900000 1958510373
2219300000 1958864108
2222900000 1962041920
2224700000 1963631508
2225900000 1964703998
2227100000 1965767694
2227300000 1965947419
2227700000 1966299828
2227900000 1966481016
2228300000 1966838553
2229100000 1967543331
2230300000 1968603782
2230700000 1968960431
2234300000 1972145034
2234900000 1972676700
2236700000 1974275706
2236900000 1974451618
2238100000 1975517525
2239100000 1976395984
2239700000 1976927637
2240900000 1977990493
2243300000 1980111489
2244100000 1980817785
2244700000 1981346835
2245300000 1981881523
2246900000 1983293866
2248100000 1984352165
2248300000 1984527626
2250100000 1986105704
2251100000 1986999097
2253100000 1988778681
2254100000 1989664228
2254300000 1989840253
2254900000 1990378961
2256700000 1991977624
2257100000 1992333272
2257300000 1992514947
2261300000 1996061688
2261900000 1996597111
2262100000 1996773617
2263700000 1998197186
2263900000 1998377177
2264300000 1998733352
2265100000 1999439259
2266900000 2001030751
2267900000 2001916545
2269100000 2002975332
2269700000 2003501016
2269900000 2003677502
2270900000 2004560458
2271700000 2005273234
2272100000 2005626276
2272700000 2006156080
2273900000 2007214706
2274100000 2007392751
2275100000 2008282906
2276900000 2009879052
2277700000 2010583456
2278300000 2011119949
2278700000 2011472926
2280700000 2013232646
2281100000 2013586940
2281700000 2014115390
2285300000 2017289412
2285900000 2017819068
2286100000 2017998549
2287100000 2018878171
2287700000 2019409572
2290100000 2021516788
2290700000 2022034612
2292100000 2023277095
2293700000 2024685281
2294300000 2025215806
2296100000 2026795353
2296300000 2026973887
2297300000 2027851142
2299300000 2029595451
2300300000 2030472928
2301100000 2031180715
2301700000 2031707904
2302100000 2032062432
2302700000 2032592827
2302900000 2032770104
2303900000 2033656033
2304100000 2033830749
2305300000 2034878429
2305700000 2035232462
2305900000 2035405668
2306300000 2035764107
2307100000 2036465491
2308100000 2037344844
2308700000 2037870589
2309900000 2038920812
2311700000 2040492815
2313100000 2041717558
2314300000 2042777711
2315900000 2044187999
2316700000 2044896167
2317300000 2045421477
2318900000 2046816265
2319700000 2047524929
2320100000 2047869925
2320300000 2048046259
2320900000 2048573542
2322700000 2050159091
2325100000 2052259803
2326900000 2053839526
2327900000 2054715561
2329100000 2055765339
2329300000 2055941771
2329700000 2056287705
2331100000 2057513410
2332100000 2058378859
2332700000 2058898826
2333300000 2059420692
2333900000 2059949397
2335700000 2061514793
2336900000 2062567376
2337100000 2062743080
2339900000 2065187125
2341700000 2066752270
2343100000 2067968364
2344700000 2069366892
2345900000 2070412900
2347300000 2071632722
2349700000 2073725469
2350900000 2074775948
2353100000 2076687568
2353700000 2077209389
2353900000 2077380778
2354900000 2078247887
2355700000 2078953052
2356100000 2079307128
2356300000 2079482118
2356700000 2079833893
2358100000 2081048896
2359300000 2082088231
2359900000 2082615081
2360300000 2082959173
2360900000 2083488163
2362300000 2084703318
2362700000 2085050147
2362900000 2085223555
2363300000 2085573953
2366300000 2088168960
2366900000 2088692426
2367100000 2088866597
2367700000 2089387277
2368700000 2090254685
2368900000 2090430123
2371900000 2093018005
2374100000 2094914770
2374300000 2095088962
2374700000 2095434232
2375300000 2095953149
2376100000 2096647280
2376700000 2097165136
2377300000 2097684512
2378900000 2099073464
2380100000 2100108403
2381300000 2101142508
2381900000 2101665530
2382700000 2102363673
2383100000 2102700963
2383300000 2102876070
2385700000 2104945853
2386900000 2105984896
2387300000 2106329574
2387900000 2106847591
2388700000 2107535600
2389300000 2108050054
2389900000 2108564657
2390900000 2109424260
2391100000 2109597433
2391700000 2110111829
2392900000 2111140099
2395700000 2113551222
2397100000 2114752018
2397700000 2115265694
2398100000 2115608307
2399300000 2116633181
2400100000 2117318622
2400700000 2117840591
2401900000 2118880424
2402300000 2119226950
2402900000 2119741678
2404300000 2120955829
2404900000 2121470913
2406100000 2122504073
2407100000 2123360990
2407700000 2123880330
2408300000 2124393661
2409100000 2125083989
2409700000 2125597277
2410300000 2126111959
2410700000 2126458148
2410900000 2126630429
2411300000 2126976196
2412100000 2127662544
2413300000 2128696076
2413700000 2129044353
2415100000 2130247393
2416900000 2131785040
2417900000 2132644419
2418100000 2132816582
2419700000 2134188585
2420300000 2134703812
2422300000 2136412271
2422900000 2136921466
2423900000 2137775836
2424700000 2138458116
2425100000 2138795407
2428100000 2141365773
2431700000 2144431224
2432900000 2145449978
2433700000 2146122396
2435900000 2147991242
2437100000 2149003854
2437300000 2149169164
2437900000 2149673119
2439100000 2150691925
2440700000 2152048558
2441300000 2152558870
2441900000 2153068814
2442100000 2153240582
2443900000 2154763589
2444300000 2155111426
2446900000 2157302982
2447300000 2157637925
2448100000 2158313075
2449900000 2159824994
2450900000 2160666541
2451700000 2161342519
2452700000 2162185281
2453300000 2162692905
2454700000 2163859996
2455100000 2164195796
2457100000 2165873937
2459300000 2167723747
2461100000 2169229663
2462300000 2170230584
2463100000 2170900790
2465900000 2173229704
2467100000 2174228883
2467700000 2174731427
2468300000 2175230990
2469100000 2175899024
2469700000 2176399987
2470900000 2177394293
2473300000 2179375752
2474900000 2180708570
2476300000 2181858359
2476700000 2182193115
2478100000 2183340128
2479300000 2184329365
2479900000 2184824676
2480900000 2185647600
2482100000 2186633737
2484100000 2188280115
2484700000 2188771571
2485100000 2189096642
2485900000 2189755330
2487700000 2191232337
2488900000 2192214880
2490700000 2193676416
2491700000 2194485342
2491900000 2194649300
2492300000 2194974336
2494300000 2196607179
2495300000 2197416538
2496700000 2198556056
2497100000 2198881503
2497700000 2199360467
2497900000 2199519872
2498900000 2200329599
2501300000 2202399075
2503100000 2204050512
2503300000 2204236700
2503700000 2204619611
2505700000 2206461202
2507300000 2207923590
2508700000 2209217480
2509700000 2210137165
2511100000 2211429085
2511700000 2211986061
2512100000 2212354311
2512700000 2212893569
2514700000 2214721720
2515300000 2215278056
2516300000 2216196064
2516900000 2216759432
2517100000 2216951565
2518300000 2218047633
2518900000 2218602245
2521900000 2221320184
2522900000 2222247602
2523700000 2222972360
2524300000 2223524577
2524700000 2223901705
2525300000 2224455017
2526100000 2225178531
2530100000 2228813948
2530300000 2229007017
2530700000 2229380890
2530900000 2229565290
2532100000 2230659111
2533900000 2232293440
2534300000 2232674490
2534900000 2233220774
2535700000 2233964517
2536700000 2234857842
2537300000 2235412980
2539100000 2237050997
2540900000 2238679645
2541100000 2238872515
2542300000 2239953933
2543900000 2241413341
2544700000 2242154444
2545300000 2242702439
2545700000 2243066836
2546300000 2243617607
2546900000 2244169443
2547100000 2244356589
2552300000 2249046603
2553700000 2250327006
2554100000 2250699609
2556100000 2252477145
2557700000 2253934111
2557900000 2254123185
2558300000 2254499786
2558900000 2255042865
2560100000 2256130455
2560300000 2256325916
2560900000 2256866812
2562100000 2257958159
2563300000 2259040337
2563900000 2259586698
2564300000 2259969887
2565700000 2261226562
2566700000 2262152820
2567300000 2262699308
2567900000 2263247099
2569300000 2264513194
2570300000 2265408581
2571700000 2266693725
2573300000 2268136172
2574100000 2268876675
2574700000 2269416776
2575900000 2270490505
2576300000 2270856617
2577100000 2271583239
2579300000 2273570696
2579900000 2274136988
2580100000 2274327701
2581900000 2275939779
2584100000 2277936986
2584700000 2278491789
2584900000 2278678063
2586700000 2280290213
2587300000 2280829215
2588900000 2282272382
2590300000 2283535355
2591300000 2284438376
2591900000 2284993201
2593100000 2286071894
2593300000 2286254334
2593900000 2286810494
2594300000 2287179858
2595100000 2287906394
2596900000 2289525820
2598100000 2290592280
2599700000 2292018703
2599900000 2292207074
2600300000 2292585648
2601700000 2293858238
2602100000 2294234957
2602900000 2294960182
2604100000 2296049720
2605300000 2297120803
2608300000 2299817671
2609900000 2301281022
2610700000 2301994175
2611100000 2302350915
2611300000 2302542589
2611900000 2303085635
2614100000 2305072624
2615300000 2306145927
2616100000 2306877373
2617100000 2307777023
2617700000 2308319523
2618300000 2308868576
2618900000 2309417836
2620300000 2310680373
2620900000 2311224364
2622700000 2312858709
2623700000 2313740551
2624900000 2314813019
2625100000 2315007138
2626100000 2315920839
2626300000 2316105062
2626700000 2316475899
2629300000 2318816872
2629700000 2319183980
2630900000 2320261820
2631700000 2320988249
2632100000 2321359792
2633900000 2322981419
2634700000 2323709982
2635700000 2324628412
2637100000 2325889910
2638700000 2327332797
2639300000 2327876896
2639900000 2328417662
2640700000 2329135725
2641700000 2330036444
2642300000 2330583591
2643100000 2331297794
2643700000 2331844264
2644900000 2332915629
2645900000 2333822722
2647900000 2335618334
2648900000 2336530088
2649700000 2337244986
2650100000 2337617442
2651300000 2338694020
2653900000 2341015087
2655700000 2342641340
2656100000 2343002051
2657300000 2344077856
2659100000 2345709669
2659700000 2346249887
2662700000 2348932641
2663300000 2349473035
2664100000 2350206032
2664700000 2350738627
2666900000 2352719483
2668100000 2353812514
2668300000 2353999742
2668700000 2354361424
2669300000 2354911413
2669900000 2355444839
2670100000 2355638487
2671100000 2356535136
2671300000 2356720460
2671700000 2357087678
2672300000 2357632904
2672900000 2358175676
2673100000 2358359983
2673700000 2358902314
2675900000 2360866589
2677700000 2362487013
2678300000 2363023083
2680100000 2364643931
2681300000 2365726547
2682100000 2366456114
2683300000 2367528205
2683900000 2368074738
2684900000 2368975258
2686100000 2370055012
2686300000 2370240248
2687900000 2371668776
2688100000 2371857863
2689100000 2372767994
2689300000 2372959868
2690300000 2373861092
2692100000 2375469749
2692700000 2376015328
2694700000 2377822989
2695100000 2378193526
2695300000 2378382191
2695900000 2378920983
2698100000 2380887317
2698700000 2381423104
2699300000 2381958303
2701100000 2383579375
2701700000 2384118042
2703100000 2385379262
2704300000 2386453246
2705900000 2387893710
2706100000 2388082754
2706700000 2388620150
2707300000 2389163217
2707700000 2389537539
2709100000 2390798074
2710300000 2391873775
2710700000 2392242740
2710900000 2392431438
2712700000 2394032318
2714300000 2395467877
2717900000 2398673748
2719100000 2399761476
2719700000 2400297121
2721100000 2401558754
2723900000 2404054219
2724100000 2404238234
2725300000 2405312300
2725900000 2405864197
2727100000 2406937587
2727700000 2407488207
2728100000 2407851877
2728300000 2408039138
2729900000 2409476825
2732900000 2412136839
2733700000 2412854431
2736100000 2414989075
2736700000 2415538009
2739700000 2418223228
2740700000 2419109831
2740900000 2419291689
2742700000 2420905992
2743100000 2421271197
2743700000 2421799074
2744900000 2422877751
2745700000 2423585415
2747900000 2425548247
2748100000 2425737079
2748700000 2426281725
2750900000 2428247040
2752700000 2429865890
2752900000 2430055305
2753900000 2430964231
2754100000 2431154929
2755100000 2432038320
2758100000 2434715757
2758300000 2434909287
2761100000 2437416642
2761700000 2437969880
2763100000 2439213350
2764700000 2440640841
2765300000 2441173862
2767300000 2442975611
2768900000 2444413785
2769100000 2444603370
2769700000 2445136439
2770100000 2445497323
2773300000 2448339048
2773700000 2448711091
2773900000 2448891408
2774300000 2449240024
2774900000 2449779183
2775100000 2449968343
2776300000 2451044297
2776700000 2451416061
2777300000 2451950402
2777900000 2452486526
2779100000 2453552868
2779300000 2453741282
2779900000 2454280943
2780300000 2454646607
2780900000 2455186684
2781700000 2455921241
2782300000 2456457010
2782700000 2456821666
2784700000 2458609666
2785100000 2458975144
2788300000 2461820498
2789300000 2462703788
2790100000 2463422742
2791700000 2464850495
2791900000 2465041940
2794100000 2466984078
2794300000 2467172852
2794700000 2467533435
2795300000 2468083956
2796100000 2468789532
2796700000 2469334320
2798300000 2470746948
2799700000 2471986831
2800100000 2472358297
2801900000 2473958554
2802700000 2474688666
2803100000 2475046373
2805100000 2476840051
2805700000 2477384089
2806900000 2478467418
2808100000 2479536417
2808700000 2480083615
2809700000 2480981952
2809900000 2481170677
2810900000 2482063273
2811100000 2482250372
2812300000 2483321282
2815100000 2485832639
2816300000 2486916916
2818100000 2488540730
2818300000 2488726848
2820100000 2490341526
2821100000 2491235012
2821900000 2491958579
2822900000 2492858094
2827700000 2497144891
2827900000 2497331019
2828300000 2497691194
2828900000 2498242759
2829700000 2498952306
2830700000 2499857374
2830900000 2500044362
2831900000 2500945358
2834900000 2503622184
2835100000 2503810337
2838700000 2507010035
2839300000 2507555690
2840300000 2508445406
2840900000 2508994627
2841100000 2509187407
2842900000 2510790308
2843300000 2511160834
2843900000 2511706691
2844700000 2512431810
2846300000 2513853454
2847700000 2515102521
2849300000 2516525731
2849900000 2517075522
2851300000 2518321243
2851700000 2518688611
2853700000 2520467400
2854100000 2520833012
2854700000 2521372848
2854900000 2521556291
2855900000 2522452304
2857100000 2523524369
2857300000 2523710455
2857900000 2524246344
2859100000 2525323661
2859700000 2525872254
2860300000 2526400100
2860700000 2526771611
2861900000 2527824096
2862100000 2528013095
2862700000 2528553019
2863100000 2528914872
2864300000 2529990429
2864900000 2530534180
2865700000 2531257289
2866100000 2531614781
2866300000 2531796969
2866900000 2532346959
2868700000 2533948981
2869700000 2534843974
2870300000 2535388832
2871100000 2536104166
2872300000 2537157710
2872900000 2537694529
2875100000 2539637560
2875300000 2539823207
2875900000 2540355287
2877100000 2541422219
2878900000 2543045061
2879300000 2543400910
2880700000 2544645526
2881300000 2545176037
2881700000 2545539988
2883700000 2547331036
2884300000 2547874707
2885900000 2549308439
2886700000 2550031721
2887100000 2550398329
2887900000 2551116126
2890100000 2553073079
2890900000 2553788764
2892100000 2554861650
2892700000 2555408752
2893300000 2555941887
2894900000 2557355333
2896100000 2558436277
2897900000 2560037915
2900900000 2562678411
2901700000 2563398679
2902100000 2563760061
2902300000 2563945252
2902700000 2564317723
2903300000 2564848245
2905900000 2567147700
2906300000 2567513750
2907700000 2568772118
2910100000 2570899377
2912300000 2572875358
2912900000 2573404239
2913100000 2573588464
2913700000 2574129606
2914700000 2575005756
2915300000 2575538710
2916700000 2576768831
2917300000 2577306795
2917900000 2577835188
2919100000 2578921879
2920100000 2579807800
2920700000 2580349062
2920900000 2580538720
2922100000 2581601905
2923100000 2582489109
2924300000 2583563769
2925100000 2584273213
2926900000 2585871594
2928700000 2587471559
2929700000 2588348072
2930300000 2588885709
2931100000 2589602214
2932700000 2591010593
2933300000 2591554709
2933900000 2592087245
2934700000 2592804022
2936300000 2594196758
2938300000 2595964811
2938700000 2596333064
2938900000 2596515715
2939900000 2597407485
2940100000 2597592544
2941100000 2598471599
2942300000 2599520667
2942900000 2600060654
2943700000 2600773533
2944300000 2601300583
2945300000 2602197209
2947300000 2603959215
2948300000 2604861913
2950100000 2606439537
2952700000 2608737174
2953100000 2609092919
2953700000 2609633869
2956700000 2612280877
2956900000 2612461277
2957300000 2612825503
2958100000 2613528168
2958700000 2614056530
2959900000 2615115160
2961100000 2616171951
2962900000 2617750075
2963300000 2618110661
2964100000 2618820144
2966300000 2620734834
2966900000 2621272659
2967100000 2621458633
2968300000 2622521743
2971700000 2625498937
2972300000 2626026001
2974100000 2627618711
2975300000 2628663194
2975900000 2629207898
2976100000 2629389255
2978900000 2631834439
2980300000 2633055966
2981900000 2634469127
2983300000 2635701290
2983700000 2636070100
2985100000 2637296695
2986300000 2638340748
2986700000 2638695824
2987300000 2639222757
2987900000 2639758871
2988100000 2639943255
2991700000 2643089416
2992100000 2643441912
2992700000 2643966125
2994700000 2645695460
2995900000 2646746988
2998300000 2648818177
2998900000 2649338347
3001100000 2651269776
3001300000 2651454233
3002900000 2652911121
3004700000 2654530058
3005900000 2655594492
3007100000 2656678088
3008900000 2658289414
3009100000 2658474881
3009700000 2659014876
3010300000 2659541439
3010900000 2660091135
3011300000 2660455568
3011900000 2660995932
3013300000 2662241724
3013700000 2662606112
3013900000 2662790865
3016100000 2664753606
3016900000 2665477470
3018100000 2666543105
3018700000 2667084054
3019700000 2667975353
3020300000 2668531401
3021100000 2669239386
3022300000 2670308427
3024100000 2671902096
3025300000 2672977803
3025900000 2673510399
3026900000 2674405917
3027100000 2674591108
3029300000 2676527837
3030700000 2677776960
3031300000 2678321485
3031900000 2678860348
3032300000 2679227765
3034100000 2680823723
3034700000 2681367824
3036700000 2683136021
3038900000 2685083330
3039100000 2685268731
3040300000 2686329349
3042700000 2688431141
3043100000 2688792253
3044900000 2690378015
3046700000 2691976051
3046900000 2692160611
3049100000 2694100163
3049300000 2694281097
3049700000 2694631134
3050900000 2695690868
3051700000 2696404771
3052900000 2697477814
3053900000 2698357550
3055300000 2699598159
3055700000 2699966900
3055900000 2700148717
3057700000 2701736957
3059300000 2703133096
3063100000 2706464583
3063700000 2706985389
3064300000 2707527808
3064900000 2708053182
3066100000 2709096455
3067100000 2709985020
3067700000 2710515018
3068900000 2711562569
3069700000 2712267918
3070300000 2712802305
3070700000 2713163084
3071300000 2713691680
3072700000 2714920945
3075700000 2717540079
3076300000 2718073552
3077300000 2718950756
3078100000 2719663134
3080300000 2721570666
3080900000 2722094890
3081700000 2722814811
3082900000 2723866293
3083900000 2724731272
3084100000 2724915653
3085100000 2725782159
3085300000 2725970496
3085900000 2726505955
3086900000 2727383832
3087100000 2727561398
3088100000 2728431184
3089300000 2729483885
3091100000 2731046059
3093100000 2732770911
3093700000 2733300450
3094100000 2733657833
3094900000 2734350531
3097100000 2736245232
3097700000 2736767386
3098300000 2737289250
3101300000 2739893584
3101900000 2740408669
3103300000 2741631377
3103900000 2742165671
3105100000 2743196741
3106300000 2744225840
3106900000 2744745118
3107900000 2745618915
3108100000 2745798733
3109100000 2746660875
3112100000 2749247124
3112300000 2749425372
3113900000 2750796097
3114700000 2751476563
3115100000 2751829482
3115300000 2752010160
3115900000 2752536620
3117700000 2754091616
3118100000 2754436814
3118300000 2754615480
3118900000 2755118487
3119300000 2755463712
3121900000 2757675129
3122300000 2758018666
3123100000 2758704474
3123700000 2759220325
3124700000 2760074080
3124900000 2760253897
3125300000 2760615603
3125900000 2761155085
3126700000 2761851445
3127100000 2762216350
3127700000 2762745487
3130700000 2765405333
3131900000 2766472577
3132100000 2766657761
3132700000 2767193233
3133300000 2767719900
3133700000 2768083222
3135700000 2769861431
3137900000 2771805216
3138700000 2772523454
3139100000 2772879856
3139300000 2773058448
3139700000 2773422342
3146900000 2779735345
3147700000 2780452608
3148100000 2780808522
3148900000 2781514435
3151100000 2783466799
3151300000 2783653652
3151700000 2784020945
3153100000 2785236525
3154100000 2786131346
3154300000 2786310850
3154700000 2786665316
3156700000 2788433453
3157300000 2788948109
3158300000 2789833973
3160100000 2791413072
3160700000 2791949304
3162700000 2793703274
3164300000 2795106649
3164900000 2795641596
3165700000 2796345698
3166300000 2796878067
3166700000 2797232895
3168700000 2799002829
3169900000 2800057823
3172100000 2801981571
3172300000 2802168026
3172700000 2802519390
3172900000 2802696092
3174100000 2803753758
3175100000 2804638919
3176900000 2806223920
3177100000 2806414646
3179300000 2808319764
3179900000 2808863006
3181700000 2810461255
3184700000 2813103136
3184900000 2813287929
3185900000 2814160916
3187300000 2815394655
3188300000 2816274134
3189100000 2816974105
3190700000 2818382952
3195700000 2822745020
3196300000 2823267716
3197300000 2824138456
3198100000 2824839361
3199100000 2825717094
3200300000 2826769091
3200900000 2827307763
3202700000 2828896603
3202900000 2829080765
3205100000 2831025113
3205700000 2831557140
3205900000 2831738352
3206300000 2832098541
3206900000 2832635689
3207700000 2833351486
3208300000 2833890592
3208900000 2834417669
3209900000 2835296026
3211700000 2836876704
3211900000 2837060771
3214100000 2839032749
3214300000 2839220380
3215900000 2840621774
3217300000 2841857281
3218300000 2842749645
3218900000 2843274080
3219100000 2843456345
3220300000 2844511696
3221300000 2845404054
3223300000 2847171170
3223700000 2847530558
3225100000 2848769628
3225700000 2849314487
3226100000 2849679844
3229700000 2852839568
3229900000 2853018250
3230300000 2853378073
3230900000 2853908277
3232100000 2854964230
3232300000 2855150911
3232700000 2855505906
3234100000 2856728075
3235300000 2857790417
3235900000 2858327732
3236300000 2858680878
3236900000 2859219230
3237100000 2859405407
3237700000 2859943823
3238100000 2860304158
3240100000 2862066002
3241100000 2862958530
3241300000 2863137179
3242300000 2864020519
3242900000 2864552804
3244100000 2865602552
3244300000 2865784185
3246700000 2867907222
3247900000 2868955013
3249100000 2869994091
3249700000 2870525017
3250300000 2871072364
3250700000 2871436385
3253100000 2873562271
3253300000 2873747898
3253700000 2874106361
3256100000 2876222154
3256300000 2876404361
3256900000 2876940495
3257300000 2877309872
3257900000 2877845118
3258700000 2878556071
3260300000 2879984398
3260900000 2880528678
3261100000 2880714004
3262100000 2881593479
3263300000 2882659971
3264700000 2883906849
3265300000 2884441906
3268700000 2887436497
3269300000 2887958642
3270700000 2889197432
3271300000 2889737977
3271700000 2890091176
3271900000 2890272678
3274900000 2892934637
3277100000 2894883690
3277900000 2895604544
3278300000 2895961132
3278900000 2896480403
3279700000 2897190619
3280100000 2897550516
3280300000 2897731883
3283100000 2900214057
3283300000 2900392858
3283900000 2900928817
3284300000 2901295050
3286900000 2903604378
3288700000 2905202915
3290900000 2907154516
3291100000 2907334735
3291700000 2907867323
3293300000 2909292986
3293900000 2909816152
3294100000 2910002216
3295700000 2911401572
3296900000 2912474616
3297100000 2912650699
3298300000 2913715563
3298700000 2914076947
3299300000 2914616802
3299900000 2915148572
3301300000 2916387210
3302300000 2917267717
3302900000 2917807288
3303700000 2918515055
3304900000 2919575096
3305300000 2919928765
3307100000 2921521956
3307300000 2921704486
3308300000 2922588758
3309100000 2923294185
3310700000 2924713385
3311300000 2925245769
3311900000 2925768319
3314900000 2928407033
3315100000 2928589147
3316100000 2929463742
3317900000 2931058028
3318100000 2931246473
3319100000 2932140303
3319900000 2932831867
3320300000 2933193087
3321100000 2933896541
3322300000 2934943000
3324700000 2937055534
3328700000 2940581451
3328900000 2940766088
3330100000 2941825950
3331100000 2942704902
3331700000 2943233732
3332900000 2944300357
3333100000 2944477889
3334300000 2945534220
3334700000 2945896999
3334900000 2946087505
3335300000 2946445931
3335900000 2946981027
3337700000 2948584020
3339100000 2949817773
3340300000 2950886633
3340900000 2951427656
3341300000 2951794540
3342700000 2953041731
3345700000 2955686531
3346100000 2956050145
3346900000 2956763055
3347900000 2957663374
3348700000 2958375771
3349300000 2958917702
3350300000 2959802185
3352100000 2961403098
3352900000 2962132089
3353300000 2962489738
3354700000 2963729775
3356300000 2965139644
3356900000 2965680221
3357700000 2966398653
3358100000 2966759980
3358700000 2967298504
3358900000 2967477206
3359900000 2968371146
3360100000 2968549742
3361300000 2969628237
3361700000 2969988075
3361900000 2970171055
3362300000 2970534722
3362900000 2971071884
3363700000 2971778822
3364100000 2972131690
3364700000 2972667316
3367900000 2975502702
3370300000 2977625760
3371300000 2978508285
3372100000 2979226715
3373900000 2980818240
3374900000 2981705823
3375100000 2981891976
3375700000 2982429959
3376700000 2983326670
3376900000 2983512509
3377300000 2983874416
3379100000 2985479839
3379700000 2986011338
3380900000 2987089119
3381100000 2987273298
3382700000 2988694508
3382900000 2988873696
3385100000 2990826978
3385700000 2991358862
3386300000 2991900587
3387100000 2992616702
3388900000 2994214310
3389300000 2994571897
3391100000 2996179069
3392300000 2997233118
3393100000 2997948264
3393700000 2998478087
3394100000 2998833761
3396100000 3000603357
3396700000 3001161269
3399700000 3003816457
3401900000 3005751285
3403100000 3006822224
3403300000 3007006538
3403900000 3007541045
3405700000 3009157818
3406100000 3009524259
3412300000 3015017755
3412700000 3015376887
3412900000 3015559871
3414100000 3016635953
3414700000 3017162077
3415700000 3018064122
3415900000 3018247943
3417100000 3019315029
3418300000 3020373520
3421100000 3022844032
3421300000 3023027110
3421700000 3023389799
3423100000 3024626116
3425300000 3026588483
3425900000 3027115648
3426100000 3027298685
3426700000 3027833133
3427300000 3028373921
3428300000 3029247376
3429700000 3030495741
3430100000 3030849735
3430300000 3031034870
3431300000 3031921586
3431900000 3032461670
3432700000 3033175276
3433700000 3034061024
3435100000 3035301601
3436100000 3036196792
3436700000 3036731188
3436900000 3036915510
3438100000 3037986830
3440300000 3039940993
3442100000 3041557611
3442900000 3042259980
3443900000 3043156013
3445700000 3044766858
3446900000 3045838184
3447100000 3046019312
3448300000 3047086891
3448700000 3047449895
3449900000 3048527946
3450100000 3048714773
3451100000 3049609784
3451300000 3049791445
3451900000 3050343087
3453700000 3051937111
3454300000 3052464601
3454900000 3052998573
3458300000 3056016323
3458900000 3056561190
3459100000 3056741910
3460300000 3057813752
3460700000 3058171749
3461300000 3058713137
3463100000 3060311324
3464900000 3061900032
3465100000 3062082922
3466700000 3063499212
3467300000 3064038917
3467900000 3064562926
3468700000 3065266424
3469300000 3065803296
3470300000 3066698481
3472100000 3068301703
3472900000 3069005317
3473900000 3069902604
3474700000 3070624344
3475700000 3071518560
3475900000 3071703283
3476300000 3072052628
3478100000 3073656386
3480700000 3075958048
3481900000 3077011618
3484100000 3078960205
3484300000 3079149207
3484700000 3079503014
3484900000 3079689470
3487100000 3081632375
3487700000 3082161091
3488300000 3082698864
3489700000 3083934794
3491300000 3085339335
3491900000 3085888304
3493900000 3087655795
3494900000 3088535316
3496100000 3089598381
3496300000 3089778742
3498100000 3091364003
3502300000 3095099341
3502700000 3095457554
3505100000 3097598634
3505300000 3097785306
3505900000 3098329929
3506900000 3099225922
3508100000 3100307220
3508300000 3100496156
3508900000 3101035887
3509900000 3101927570
3510700000 3102656616
3511100000 3103009388
3511700000 3103549413
3512900000 3104617589
3514100000 3105697703
3514900000 3106421444
3515300000 3106782177
3515900000 3107323689
3517100000 3108402141
3520100000 3111066112
3522100000 3112860542
3522700000 3113401945
3525100000 3115547351
3525700000 3116080679
3526700000 3116966258
3527900000 3118035965
3528100000 3118219927
3529100000 3119118225
3531100000 3120896125
3531700000 3121436250
3532300000 3121977028
3532700000 3122336055
3533900000 3123403243
3535300000 3124648480
3536300000 3125549286
3538100000 3127140281
3539300000 3128213620
3540100000 3128930946
3540700000 3129464668
3541900000 3130530326
3542300000 3130894715
3543700000 3132138360
3544700000 3133035916
3544900000 3133218493
3546100000 3134281879
3549100000 3136928149
3550700000 3138364430
3550900000 3138548136
3552100000 3139621683
3552700000 3140148805
3553100000 3140513427
3553300000 3140689312
3553700000 3141054003
3554300000 3141593855
3556900000 3143891565
3557300000 3144251099
3559100000 3145853567
3559300000 3146036804
3559700000 3146400629
3560300000 3146930375
3561700000 3148178519
3567100000 3152947125
3567700000 3153488007
3572900000 3158098194
3573100000 3158273044
3574700000 3159686351
3575300000 3160216893
3575900000 3160759335
3577100000 3161822565
3579700000 3164123617
3580100000 3164483609
3580300000 3164665379
3580900000 3165200781
3583100000 3167141760
3583700000 3167679963
3583900000 3167861453
3585100000 3168929259
3586300000 3169992149
3586900000 3170523432
3587900000 3171414098
3589700000 3173005227
3589900000 3173188079
3591100000 3174243139
3592300000 3175312457
3593300000 3176192429
3595100000 3177798417
3596300000 3178855636
3596900000 3179400457
3597700000 3180114464
3598300000 3180648007
3599300000 3181530340
3599900000 3182063535
3600700000 3182771397
3601100000 3183136752
3601300000 3183317653
3601700000 3183678253
3603700000 3185455396
3606100000 3187589393
3606700000 3188131591
3607300000 3188667254
3608300000 3189557005
3609700000 3190803084
3610700000 3191687562
3610900000 3191869598
3613100000 3193828120
3613700000 3194365352
3615100000 3195600905
3616100000 3196498212
3618700000 3198775875
3619100000 3199138651
3620900000 3200720733
3621700000 3201437937
3622900000 3202482895
3624100000 3203560130
3625100000 3204446699
3626300000 3205513910
3626900000 3206055826
3627700000 3206768700
3629300000 3208173575
3629900000 3208706513
3630700000 3209419043
3631300000 3209955824
3631900000 3210483942
3634100000 3212437088
3634300000 3212623597
3635300000 3213517765
3637300000 3215286204
3638300000 3216184873
3638900000 3216718870
3643300000 3220582685
3645100000 3222184780
3645700000 3222721272
3646700000 3223605859
3646900000 3223793152
3647300000 3224141429
3647900000 3224684347
3649300000 3225919244
3649700000 3226275864
3652300000 3228572607
3652700000 3228927273
3652900000 3229110759
3654100000 3230183302
3655100000 3231072772
3655900000 3231771432
3656300000 3232134541
3657100000 3232846420
3658300000 3233893074
3658700000 3234255820
3659900000 3235311231
3660700000 3236022325
3662900000 3237952889
3663700000 3238661322
3664300000 3239194496
3665300000 3240078743
3667100000 3241666303
3667700000 3242197765
3668300000 3242736540
3669100000 3243444059
3669700000 3243978806
3670900000 3245031562
3671300000 3245389405
3672100000 3246100763
3673900000 3247686182
3674900000 3248572781
3676100000 3249622039
3676700000 3250150320
3677900000 3251210032
3678100000 3251391464
3678700000 3251927310
3679100000 3252286364
3679300000 3252471050
3680900000 3253890862
3682100000 3254938066
3683300000 3255993654
3684700000 3257221688
3685700000 3258120678
3687100000 3259339735
3687700000 3259870644
3688700000 3260758021
3689900000 3261798575
3690100000 3261980805
3691300000 3263035972
3691900000 3263564188
3692300000 3263919428
3692900000 3264455734
3693100000 3264642518
3694300000 3265694046
3694700000 3266049278
3697300000 3268329040
3697900000 3268854146
3699700000 3270416339
3700300000 3270947944
3701300000 3271826280
3701900000 3272361173
3702100000 3272541759
3703900000 3274120939
3704900000 3275001047
3705700000 3275710332
3706100000 3276067795
3708700000 3278345952
3709700000 3279229524
3711700000 3280988084
3712300000 3281512203
3713900000 3282912281
3715900000 3284656946
3717100000 3285707297
3718100000 3286583238
3718900000 3287287286
3719900000 3288178186
3720100000 3288353573
3721700000 3289750360
3722300000 3290277267
3724300000 3292025708
3725300000 3292898339
3727300000 3294638509
3727700000 3295000167
3730700000 3297624772
3730900000 3297804364
3731300000 3298159696
3732100000 3298852049
3733700000 3300246511
3733900000 3300427295
3735700000 3302001660
3736100000 3302357120
3736300000 3302535834
3736900000 3303059807
3737900000 3303929595
3739700000 3305497019
3740900000 3306541468
3742300000 3307756883
3744100000 3309337113
3744700000 3309871121
3746300000 3311243386
3748300000 3312983333
3748900000 3313506268
3749300000 3313852641
3750100000 3314549156
3750700000 3315090710
3751100000 3315455004
3751700000 3315992611
3752900000 3317066131
3753700000 3317782383
3754700000 3318674686
3754900000 3318856950
3756100000 3319930492
3756700000 3320465173
3757100000 3320819846
3757300000 3321001767
3757900000 3321545231
3758900000 3322452156
3759100000 3322641334
3760700000 3324060497
3761900000 3325129567
3763300000 3326372565
3764300000 3327257914
3764900000 3327799333
3765700000 3328509578
3766300000 3329049405
3769100000 3331538956
3769300000 3331728229
3769900000 3332266765
3771700000 3333860492
3774700000 3336513922
3778100000 3339538533
3778300000 3339718036
3779900000 3341140054
3781100000 3342207790
3781300000 3342391580
3783100000 3343982110
3784700000 3345395273
3785300000 3345931409
3786100000 3346647471
3787100000 3347541816
3787900000 3348248172
3788900000 3349137925
3789700000 3349857067
3790700000 3350741301
3795100000 3354619126
3795700000 3355158799
3796300000 3355688530
3796700000 3356050848
3798700000 3357817787
3799100000 3358173773
3799300000 3358360614
3799700000 3358717797
3801100000 3359949050
3803900000 3362409378
3804700000 3363130524
3805300000 3363663155
3806900000 3365076449
3808300000 3366319767
3811300000 3368938225
3811900000 3369477375
3814900000 3372117194
3815300000 3372480447
3816700000 3373715987
3817700000 3374594186
3818300000 3375136666
3818900000 3375670696
3819700000 3376382874
3820100000 3376734831
3821900000 3378326396
3823100000 3379376770
3823700000 3379907576
3823900000 3380085602
3826100000 3382016931
3827300000 3383070775
3828100000 3383774887
3828700000 3384302942
3829900000 3385365333
3830300000 3385725825
3831700000 3386950680
3832100000 3387301581
3832700000 3387834813
3832900000 3388016412
3833300000 3388365519
3835100000 3389958497
3837100000 3391711400
3837700000 3392248806
3839300000 3393650393
3843100000 3396972771
3844700000 3398377957
3844900000 3398559215
3845300000 3398915832
3845900000 3399454570
3846100000 3399636562
3850100000 3403119890
3854300000 3406792936
3855700000 3408009049
3856100000 3408366427
3856700000 3408892415
3856900000 3409075587
3859300000 3411174277
3860300000 3412051661
3860900000 3412580587
3861100000 3412762092
3862900000 3414325963
3863900000 3415208921
3865100000 3416249597
3865300000 3416431932
3866900000 3417815655
3867100000 3417997552
3867700000 3418531286
3869300000 3419930074
3869900000 3420455815
3870700000 3421149730
3871100000 3421505604
3871300000 3421682910
3872300000 3422551331
3872900000 3423074453
3873700000 3423777253
3874700000 3424646279
3874900000 3424826922
3876700000 3426388099
3878300000 3427791647
3879100000 3428490490
3880300000 3429537366
3882100000 3431097605
3883300000 3432137283
3883900000 3432657919
3885100000 3433696874
3886100000 3434569364
3886700000 3435092639
3887300000 3435610619
3889100000 3437167349
3890300000 3438221025
3891700000 3439421194
3892100000 3439778258
3892300000 3439957887
3893300000 3440822610
3895300000 3442564747
3895900000 3443086414
3897100000 3444115922
3897700000 3444645049
3899300000 3446014072
3901900000 3448250869
3902300000 3448604834
3904100000 3450160074
3904300000 3450337524
3904700000 3450681513
3907900000 3453439021
3908900000 3454319293
3909700000 3455009359
3910300000 3455537876
3910700000 3455882328
3911300000 3456405666
3911900000 3456934159
3913300000 3458144988
3913900000 3458670213
3915700000 3460230314
3916100000 3460581119
3916300000 3460759655
3918100000 3462315635
3919100000 3463188114
3919900000 3463877868
3920900000 3464746573
3921700000 3465439627
3922700000 3466302473
3922900000 3466483197
3923300000 3466823907
3923900000 3467354537
3924100000 3467531637
3925100000 3468396273
3929300000 3472011648
3930100000 3472703795
3931300000 3473741307
3931700000 3474093577
3932300000 3474615240
3934100000 3476174212
3934300000 3476351073
3935900000 3477722476
3936700000 3478421917
3937100000 3478774140
3937300000 3478951856
3938300000 3479808792
3939700000 3481027721
3940900000 3482054754
3941900000 3482923579
3943900000 3484628786
3944300000 3484978636
3945100000 3485676520
3946100000 3486543185
3949900000 3489784453
3950300000 3490129858
3950900000 3490652312
3951100000 3490828150
3952100000 3491693106
3954100000 3493409364
3955100000 3494261798
3956300000 3495300749
3956900000 3495810319
3958100000 3496850737
3960700000 3499070880
3961900000 3500100130
3962300000 3500444385
3963100000 3501132561
3965900000 3503532009
3966700000 3504227104
3967100000 3504571814
3967900000 3505260338
3970300000 3507317569
3970900000 3507835487
3971900000 3508692518
3972700000 3509378811
3973300000 3509894815
3974900000 3511252908
3976100000 3512274484
3976900000 3512967339
3977900000 3513815601
3979100000 3514846037
3979900000 3515530199
3982100000 3517408494
3982700000 3517916092
3982900000 3518092592
3983900000 3518944723
3984100000 3519121458
3984700000 3519640016
3985700000 3520487289
3986300000 3520995938
3986900000 3521508446
3987700000 3522185881
3988300000 3522700666
3988700000 3523052038
3990100000 3524237202
3992900000 3526612494
3993700000 3527295673
3995300000 3528655898
3997100000 3530178921
3997900000 3530861774
3998300000 3531200034
3998900000 3531709360
4000900000 3533436577
4001300000 3533805224
4003100000 3535408787
4003700000 3535946282
4003900000 3536132809
4006300000 3538265352
4008700000 3540399004
4009300000 3540929037
4009900000 3541466078
4011100000 3542531848
4012300000 3543585064
4012700000 3543947231
4012900000 3544129135
4015100000 3546064823
4015300000 3546246649
4016300000 3547146666
4016900000 3547683672
4017700000 3548393341
4018900000 3549462842
4019300000 3549814202
4021300000 3551586823
4023100000 3553192175
4023700000 3553730630
4024100000 3554083052
4025300000 3555151701
4027700000 3557279718
4028300000 3557813960
4028900000 3558348672
4034300000 3563130680
4035100000 3563843801
4035700000 3564384477
4036100000 3564737482
4038700000 3567036785
4042300000 3570223583
4042700000 3570576583
4042900000 3570751335
4043300000 3571110434
4045900000 3573405956
4047100000 3574481362
4048300000 3575548928
4048700000 3575895668
4049300000 3576420667
4049900000 3576958740
4050700000 3577673462
4051900000 3578728806
4052900000 3579626424
4053100000 3579804781
4054300000 3580869382
4055900000 3582272460
4057700000 3583875313
4058300000 3584406069
4059100000 3585109958
4059700000 3585638683
4060900000 3586691800
4062700000 3588281186
4063700000 3589165230
4063900000 3589339585
4069300000 3594154195
4069700000 3594515148
4069900000 3594695635
4070900000 3595582682
4073900000 3598249506
4075100000 3599299067
4075900000 3600007154
4076300000 3600367173
4077100000 3601073983
4078700000 3602522537
4080100000 3603765311
4081300000 3604833328
4081900000 3605371783
4082300000 3605728022
4082900000 3606262008
4084100000 3607326449
4084700000 3607860132
4084900000 3608042644
4085300000 3608395424
4086700000 3609642791
4087900000 3610694263
4088300000 3611062082
4089700000 3612301249
4090300000 3612843934
4092700000 3614968553
4093300000 3615496482
4093900000 3616029708
4094900000 3616904407
4096100000 3617988253
4097300000 3619050604
4099300000 3620805056
4101100000 3622400903
4101700000 3622949769
4102300000 3623486358
4103900000 3624903122
4104700000 3625616396
4105100000 3625974662
4105700000 3626501315
4107700000 3628279382
4108100000 3628643044
4111300000 3631503696
4111700000 3631848087
4113100000 3633090731
4114100000 3633969441
4114300000 3634150977
4114900000 3634674967
4116100000 3635742704
4117700000 3637157596
4117900000 3637341385
4118300000 3637696684
4118900000 3638234007
4120100000 3639294851
4120300000 3639479351
4121300000 3640367485
4122100000 3641074397
4122700000 3641609788
4123100000 3641964278
4123300000 3642148170
4124300000 3643032542
4125700000 3644278671
4126300000 3644811981
4126900000 3645343770
4128100000 3646414467
4129900000 3648009983
4133300000 3651009510
4134100000 3651711630
4135100000 3652598855
4135700000 3653119572
4138100000 3655243270
4138700000 3655780687
4138900000 3655964861
4139900000 3656843155
4141100000 3657905561
4141300000 3658082204
4144300000 3660733486
4145300000 3661610246
4146700000 3662846418
4147900000 3663901313
4149100000 3664972551
4150700000 3666398571
4151300000 3666930413
4151900000 3667461907
4152100000 3667640526
4153900000 3669235787
4154300000 3669587580
4154900000 3670122180
4157900000 3672753655
4159300000 3673976924
4159700000 3674336323
4160300000 3674871007
4160900000 3675398094
4161100000 3675580887
4161700000 3676123177
4162100000 3676476454
4162700000 3677007768
4164100000 3678241186
4164700000 3678775006
4165100000 3679132841
4165900000 3679840426
4166900000 3680722001
4168100000 3681773726
4168700000 3682308218
4171900000 3685140338
4172900000 3686020355
4173700000 3686725345
4175900000 3688678005
4176100000 3688855500
4177100000 3689737467
4177700000 3690270879
4180100000 3692395216
4180900000 3693099554
4181300000 3693455225
4184300000 3696098222
4184900000 3696634834
4185100000 3696814617
4186300000 3697879698
4187900000 3699301301
4188700000 3700007871
4189300000 3700544167
4189700000 3700907154
4190300000 3701441079
4191100000 3702150039
4192700000 3703560797
4194100000 3704795211
4194700000 3705332488
4195300000 3705868208
4195700000 3706222735
4195900000 3706398151
4196900000 3707293185
4198100000 3708343327
4198300000 3708520791
4199900000 3709930518
4201300000 3711170695
4201700000 3711526137
4201900000 3711702096
4202300000 3712063633
4204300000 3713845468
4206100000 3715422185
4207100000 3716318031
4207300000 3716499017
4208300000 3717376026
4208900000 3717908559
4210100000 3718978734
4213100000 3721632131
4213900000 3722342870
4215700000 3723930761
4216900000 3724982871
4217900000 3725878002
4218100000 3726062292
4218700000 3726594105
4219300000 3727120329
4219700000 3727470363
4220900000 3728535094
4222100000 3729600625
4222300000 3729782882
4222700000 3730141122
4223900000 3731200808
4225700000 3732797594
4228100000 3734915698
4228300000 3735096033
4229300000 3735975054
4229900000 3736501835
4230700000 3737220020
4232300000 3738629943
4233100000 3739340749
4233700000 3739872124
4234900000 3740935670
4235900000 3741826390
4237300000 3743051973
4237900000 3743595227
4239100000 3744660939
4239700000 3745187246
4240300000 3745710509
4240700000 3746066326
4240900000 3746246909
4243300000 3748359993
4243700000 3748717434
4244300000 3749250678
4245100000 3749956855
4245700000 3750490767
4246100000 3750851844
4246300000 3751028924
4246700000 3751375783
4247300000 3751901140
4248700000 3753137904
4249100000 3753491323
4249900000 3754196664
4250900000 3755075950
4253300000 3757214958
4255700000 3759340054
4256900000 3760405216
4257100000 3760588282
4257700000 3761126771
4258900000 3762188215
4261100000 3764132420
4264100000 3766787441
4264300000 3766967491
4264900000 3767499051
4266700000 3769101516
4267700000 3769985873
4268300000 3770518401
4268900000 3771053131
4269700000 3771775167
4270100000 3772126186
4270300000 3772306524
4270900000 3772837016
4271900000 3773718518
4272700000 3774434965
4273700000 3775314650
4274300000 3775842498
4275100000 3776560599
4276700000 3777987902
4277300000 3778512281
4278700000 3779742085
4279300000 3780274316
4279700000 3780631244
4282100000 3782774356
4282900000 3783473964
4283900000 3784369524
4284100000 3784551952
4285300000 3785608177
4285900000 3786143096
4286300000 3786501040
4289900000 3789661410
4290100000 3789836604
4292300000 3791782815
4292900000 3792321472
4293700000 3793026049
4294300000 3793553049
