50000000 43934382
100000000 88251312
150000000 136452630
250000000 221774979
350000000 319160120
550000000 502135508
650000000 588600959
850000000 774129822
950000000 861415054
1150000000 1048560432
1450000000 1325762715
1550000000 1400025504
1850000000 1689678327
2050000000 1860702393
2150000000 1961104741
2350000000 2139671376
2650000000 2416206659
2950000000 2691179737
3050000000 2766975105
3350000000 3053548414
3550000000 3242332511
3650000000 3329438834
3950000000 3570065295
4150000000 3774920119
