7000000 6229946
14000000 12526029
21000000 19254378
35000000 31435010
49000000 44250469
77000000 70177181
91000000 83043672
119000000 108599225
133000000 121516954
161000000 147050030
203000000 185340873
217000000 197757543
259000000 236933203
287000000 262253180
301000000 275306432
329000000 301205255
371000000 339600198
413000000 378088864
427000000 390596561
469000000 429365196
497000000 453669112
511000000 467884526
553000000 504897604
581000000 532125118
623000000 569155910
679000000 621775360
707000000 645967954
721000000 660468125
749000000 686450864
763000000 698383995
791000000 723316873
889000000 813147731
917000000 841025513
959000000 878587399
973000000 890041662
1043000000 956919726
1057000000 969809444
1099000000 1005133492
1141000000 1045956839
1169000000 1072263643
1211000000 1109170598
1253000000 1147045632
1267000000 1161777943
1337000000 1227365095
1351000000 1239520625
1379000000 1262839779
1393000000 1274005317
1477000000 1355893460
1561000000 1428947488
1589000000 1456886044
1603000000 1470652414
1631000000 1497683664
1673000000 1536360352
1687000000 1548865770
1757000000 1606944692
1799000000 1651168030
1841000000 1691203176
1883000000 1729537695
1897000000 1741979349
1939000000 1777900929
1967000000 1801745048
1981000000 1815931306
2051000000 1884247247
2149000000 1972730958
2177000000 1994806435
2191000000 2005931192
2219000000 2034111161
2317000000 2129248012
2359000000 2167662251
2429000000 2228126152
2443000000 2238787192
2471000000 2265224130
2513000000 2306252147
2569000000 2361703616
2611000000 2400437348
2653000000 2439450247
2681000000 2464466894
2723000000 2499833998
2779000000 2548116974
2807000000 2572613485
2863000000 2630287882
2933000000 2695948230
2947000000 2709078203
3017000000 2771809914
3031000000 2783578235
3073000000 2818526298
3101000000 2844922074
3143000000 2883924119
3199000000 2940437560
3227000000 2967826762
3241000000 2981134628
3269000000 3006880727
3353000000 3084004710
3409000000 3132920092
3437000000 3156544820
3493000000 3200435743
3521000000 3228901547
3563000000 3273036417
3647000000 3354046728
3661000000 3367244006
3787000000 3482572045
3829000000 3517900600
3899000000 3579198352
3941000000 3618121938
3983000000 3659329712
3997000000 3672483481
4039000000 3714272184
4109000000 3780757814
4151000000 3819824081
4193000000 3857535418
4207000000 3870270394
4249000000 3908250406
4291000000 3944072200
