1000000 850671
2000000 1714662
3000000 2666237
5000000 4307901
7000000 6228114
11000000 9771826
13000000 11478716
17000000 15067076
19000000 16787346
23000000 20417525
29000000 25765965
31000000 27231900
37000000 32850321
41000000 36178111
43000000 38202041
47000000 41694621
53000000 47047852
59000000 52391695
61000000 53901568
67000000 59501988
71000000 63234518
73000000 64957431
79000000 69543833
83000000 73570718
89000000 79263936
97000000 85795629
101000000 89023111
103000000 91209414
107000000 95194847
109000000 97075732
113000000 100689438
127000000 112089922
131000000 116329361
137000000 122090107
139000000 123920717
149000000 132509417
151000000 134111172
157000000 138564478
163000000 144413299
167000000 148443325
173000000 154188615
179000000 159627350
181000000 161410821
191000000 169657145
193000000 171181082
197000000 174156123
199000000 175609808
211000000 187781940
223000000 198925914
227000000 202516005
229000000 204268461
233000000 207648764
239000000 212486593
241000000 214055954
251000000 221536308
257000000 228019349
263000000 234063928
269000000 239806644
271000000 241686070
277000000 247200341
281000000 250798970
283000000 252613345
293000000 261269243
307000000 272426631
311000000 275192062
313000000 276674001
317000000 280579367
331000000 294601365
337000000 300410722
347000000 309715623
349000000 311510976
353000000 315167633
359000000 320542916
367000000 327496922
373000000 332439126
379000000 337425538
383000000 340647283
389000000 345148555
397000000 351521775
401000000 354927944
409000000 363356017
419000000 373239526
421000000 375212086
431000000 384728150
433000000 386587970
439000000 392021051
443000000 395666954
449000000 401060094
457000000 408173473
461000000 411629327
463000000 413326643
467000000 416661070
479000000 426501628
487000000 432786299
491000000 435843982
499000000 441488749
503000000 445515171
509000000 451902825
521000000 463902197
523000000 465883119
541000000 483032438
547000000 488580103
557000000 497615556
563000000 503018256
569000000 508387153
571000000 510152455
577000000 515408426
587000000 523909131
593000000 528880233
599000000 533668121
601000000 535294930
607000000 540183421
613000000 544797097
617000000 547711564
619000000 549114600
631000000 559472945
641000000 569600834
643000000 571699687
647000000 575710963
653000000 581683894
659000000 587545285
661000000 589484667
673000000 600857465
677000000 604634885
683000000 610208671
691000000 617561426
701000000 626611337
709000000 633863212
719000000 642766269
727000000 649799168
733000000 654961957
739000000 660038203
743000000 663360012
751000000 669881235
757000000 674997653
761000000 678300275
769000000 684664556
773000000 687731841
787000000 698897957
797000000 707436844
809000000 719331351
811000000 721404294
821000000 731391258
823000000 733339562
827000000 737214432
829000000 739149440
839000000 748768690
853000000 762102958
857000000 765843073
859000000 767685510
863000000 771408542
877000000 784089282
881000000 787784010
883000000 789636509
887000000 793264029
907000000 811193702
911000000 814711381
919000000 821668789
929000000 830190253
937000000 836816575
941000000 840282667
947000000 845391451
953000000 850378316
967000000 861720348
971000000 864856035
977000000 869461254
983000000 874308577
991000000 880473178
997000000 884871820
1009000000 896582911
1013000000 900747018
1019000000 906883467
1021000000 908910483
1031000000 918790464
1033000000 920752626
1039000000 926452374
1049000000 936218443
1051000000 938168859
1061000000 947720705
1063000000 949603855
1069000000 955285809
1087000000 971984413
1091000000 975664595
1093000000 977461284
1097000000 981136559
1103000000 986594586
1109000000 992023835
1117000000 999172048
1123000000 1004576640
1129000000 1010024073
1151000000 1029578318
1153000000 1031329169
1163000000 1039958812
1171000000 1046739205
1181000000 1055273302
1187000000 1060287069
1193000000 1065237282
1201000000 1071723131
1213000000 1081681462
1217000000 1084901648
1223000000 1089637613
1229000000 1094260323
1231000000 1095766930
1237000000 1100194732
1249000000 1108536896
1259000000 1118767309
1277000000 1137012134
1279000000 1138993516
1283000000 1143017277
1289000000 1148979081
1291000000 1150957497
1297000000 1156809608
1301000000 1160649198
1303000000 1162580237
1307000000 1166510911
1319000000 1178056125
1321000000 1179958743
1327000000 1185601445
1361000000 1217393278
1367000000 1222904616
1373000000 1228373870
1381000000 1235717157
1399000000 1251952642
1409000000 1261039451
1423000000 1273631261
1427000000 1277184086
1429000000 1278963465
1433000000 1282536093
1439000000 1287874284
1447000000 1294920746
1451000000 1298443593
1453000000 1300188601
1459000000 1305393072
1471000000 1315704308
1481000000 1324166850
1483000000 1325847597
1487000000 1329185231
1489000000 1330846751
1493000000 1334144499
1499000000 1338984666
1511000000 1349268055
1523000000 1359240403
1531000000 1365726791
1543000000 1375136641
1549000000 1379700218
1553000000 1382687550
1559000000 1387057640
1567000000 1393882529
1571000000 1397696798
1579000000 1405174413
1583000000 1408841559
1597000000 1421409029
1601000000 1425043273
1607000000 1431225426
1609000000 1433289116
1613000000 1437280366
1619000000 1443282325
1621000000 1445272518
1627000000 1451196552
1637000000 1460963413
1657000000 1480079775
1663000000 1485664044
1667000000 1489412443
1669000000 1491340068
1693000000 1514162320
1697000000 1517903485
1699000000 1519772746
1709000000 1529090864
1721000000 1540138309
1723000000 1541970890
1733000000 1551145854
1741000000 1558360099
1747000000 1563748729
1753000000 1569194324
1759000000 1574706381
1777000000 1591082310
1783000000 1596488978
1787000000 1600063765
1789000000 1601856712
1801000000 1612600501
1811000000 1621543347
1823000000 1632133980
1831000000 1639125946
1847000000 1652930809
1861000000 1664813189
1867000000 1669824713
1871000000 1673140729
1873000000 1674776508
1877000000 1678210849
1879000000 1679988140
1889000000 1688761808
1901000000 1699045323
1907000000 1704116971
1913000000 1709122517
1931000000 1723868699
1933000000 1725483142
1949000000 1738082436
1951000000 1739606661
1973000000 1757886563
1979000000 1762714587
1987000000 1769031788
1993000000 1773706917
1997000000 1776732317
1999000000 1778224960
2003000000 1782135036
2011000000 1790456908
2017000000 1796555468
2027000000 1806685324
2029000000 1808717666
2039000000 1818627712
2053000000 1832339525
2063000000 1841960030
2069000000 1847698309
2081000000 1858971063
2083000000 1860854897
2087000000 1864710850
2089000000 1866674599
2099000000 1876300422
2111000000 1887739702
2113000000 1889657246
2129000000 1904685881
2131000000 1906603311
2137000000 1912220527
2141000000 1915973486
2143000000 1917859675
2153000000 1927124343
2161000000 1934511044
2179000000 1950964840
2203000000 1972801517
2207000000 1976474382
2213000000 1981932116
2221000000 1989141457
2237000000 2003529743
2239000000 2005337321
2243000000 2008973182
2251000000 2016194475
2267000000 2030660280
2269000000 2032438138
2273000000 2036019332
2281000000 2043177296
2287000000 2048526746
2293000000 2053798765
2297000000 2057308587
2309000000 2067839394
2311000000 2069601861
2333000000 2088552442
2339000000 2093664798
2341000000 2095360809
2347000000 2100524855
2351000000 2104026531
2357000000 2109216884
2371000000 2121217626
2377000000 2126318309
2381000000 2129681651
2383000000 2131373599
2389000000 2136391634
2393000000 2139717191
2399000000 2144645750
2411000000 2154831489
2417000000 2159864275
2423000000 2164838149
2437000000 2176278974
2441000000 2179483345
2447000000 2184315624
2459000000 2193805322
2467000000 2199996277
2473000000 2204549084
2477000000 2207555790
2503000000 2227348278
2521000000 2245919547
2531000000 2256005417
2539000000 2263915118
2543000000 2267916704
2549000000 2273863456
2551000000 2275880461
2557000000 2281740884
2579000000 2303167146
2591000000 2314629252
2593000000 2316517998
2609000000 2331798374
2617000000 2339498091
2621000000 2343334849
2633000000 2354684607
2647000000 2367831308
2657000000 2377183799
2659000000 2379067605
2663000000 2382757274
2671000000 2390169550
2677000000 2395839876
2683000000 2401432559
2687000000 2405133824
2689000000 2407031521
2693000000 2410778678
2699000000 2416342192
2707000000 2423692894
2711000000 2427433165
2713000000 2429269540
2719000000 2434748347
2729000000 2443905429
2731000000 2445737320
2741000000 2454879397
2749000000 2462132824
2753000000 2465824851
2767000000 2478610057
2777000000 2487595669
2789000000 2498399401
2791000000 2500206605
2797000000 2505560456
2801000000 2509177023
2803000000 2510996714
2819000000 2525509849
2833000000 2538124291
2837000000 2541716605
2843000000 2547092824
2851000000 2554253582
2857000000 2559565997
2861000000 2563163411
2879000000 2579137439
2887000000 2586224545
2897000000 2595026756
2903000000 2600292836
2909000000 2605558134
2917000000 2612474745
2927000000 2621133215
2939000000 2631500740
2953000000 2643527108
2957000000 2646938408
2963000000 2652017282
2969000000 2657097526
2971000000 2658788425
2999000000 2681975539
3001000000 2683671897
3011000000 2692344157
3019000000 2699192061
3023000000 2702586300
3037000000 2714339661
3041000000 2717663425
3049000000 2724255092
3061000000 2734027778
3067000000 2738851595
3079000000 2748368267
3083000000 2751496897
3089000000 2756158735
3109000000 2771344283
3119000000 2778679507
3121000000 2780120542
3137000000 2795143728
3163000000 2820786649
3167000000 2824683241
3169000000 2826673525
3181000000 2838165909
3187000000 2843883145
3191000000 2847685774
3203000000 2859073993
3209000000 2865056363
3217000000 2872911725
3221000000 2876810130
3229000000 2884613566
3251000000 2905722393
3253000000 2907678730
3257000000 2911500606
3259000000 2913436754
3271000000 2924874069
3299000000 2951364841
3301000000 2953252626
3307000000 2958850450
3313000000 2964497868
3319000000 2970039816
3323000000 2973705597
3329000000 2979245913
3331000000 2981108871
3343000000 2992413670
3347000000 2996176054
3359000000 3007451007
3361000000 3009335238
3371000000 3018721848
3373000000 3020591869
3389000000 3035447299
3391000000 3037315870
3407000000 3052054902
3413000000 3057577856
3433000000 3075914633
3449000000 3090565454
3457000000 3097900474
3461000000 3101578353
3463000000 3103405318
3467000000 3107059196
3469000000 3108856821
3491000000 3128698111
3499000000 3135848551
3511000000 3146820442
3517000000 3152309066
3527000000 3161483557
3529000000 3163323581
3533000000 3166979672
3539000000 3172396149
3541000000 3174218065
3547000000 3179638326
3557000000 3188627411
3559000000 3190437738
3571000000 3201168890
3581000000 3210180351
3583000000 3211969975
3593000000 3220903150
3607000000 3233452274
3613000000 3238817800
3617000000 3242388566
3623000000 3247711913
3631000000 3254827409
3637000000 3260137772
3643000000 3265440817
3659000000 3279525335
3671000000 3290001756
3673000000 3291745863
3677000000 3295243528
3691000000 3307352792
3697000000 3312547112
3701000000 3315966385
3709000000 3322841932
3719000000 3331346224
3727000000 3338116940
3733000000 3343179999
3739000000 3348227565
3761000000 3367171647
3767000000 3372461343
3769000000 3374223304
3779000000 3382979613
3793000000 3395066480
3797000000 3398509858
3803000000 3403647050
3821000000 3418935207
3823000000 3420608751
3833000000 3428979593
3847000000 3440581327
3851000000 3443881995
3853000000 3445541378
3863000000 3453706263
3877000000 3465004897
3881000000 3468221432
3889000000 3474588106
3907000000 3488752279
3911000000 3492312798
3917000000 3497614147
3919000000 3499379407
3923000000 3502895205
3929000000 3508106413
3931000000 3509820979
3943000000 3520190497
3947000000 3523619347
3967000000 3540449987
3989000000 3558608519
4001000000 3568435361
4003000000 3570491012
4007000000 3574569219
4013000000 3580598252
4019000000 3586624274
4021000000 3588611025
4027000000 3594656022
4049000000 3616290736
4051000000 3618259238
4057000000 3624149620
4073000000 3639634577
4079000000 3645509250
4091000000 3657055230
4093000000 3658959057
4099000000 3664685934
4111000000 3676164419
4127000000 3691337067
4129000000 3693219691
4133000000 3696991380
4139000000 3702659088
4153000000 3715664460
4157000000 3719363238
4159000000 3721230092
4177000000 3738226801
4201000000 3760995241
4211000000 3770449420
4217000000 3776065286
4219000000 3777966339
4229000000 3787405147
4231000000 3789300215
4241000000 3798597855
4243000000 3800462573
4253000000 3809729897
4259000000 3815375722
4261000000 3817236970
4271000000 3826578749
4273000000 3828454892
4283000000 3837712460
4289000000 3843287352
