4133751 3018713
8267502 6671698
12401253 9647073
20668755 16688481
28936257 23460923
45471261 36639588
53738763 42940268
70273767 56622732
78541269 63101329
95076273 76843062
119878779 96168886
128146281 102573463
152948787 118571745
169483791 134324885
177751293 141537541
194286297 155101933
219088803 173962578
243891309 194258814
252158811 201457448
276961317 221303991
293496321 233369538
301763823 238867184
326566329 259900230
343101333 272976717
367903839 294175219
400973847 320546645
417508851 333004467
425776353 339137440
442311357 350558867
450578859 355669204
467113863 368244089
524986377 418307207
541521381 431601393
566323887 450608014
574591389 456870951
615928899 485993059
624196401 492403555
648998907 510117345
673801413 525886441
690336417 534908803
715138923 559091489
739941429 581317567
748208931 588456938
789546441 622722590
797813943 629374368
814348947 642372275
822616449 648754297
872221461 684928042
921826473 715264355
938361477 732598468
946628979 740961383
963163983 756883251
987966489 779670318
996233991 787245042
1037571501 822439176
1062374007 844515508
1087176513 866327519
1111979019 887519133
1120246521 894786557
1145049027 915489530
1161584031 929339885
1169851533 936256678
1211189043 969548172
1269061557 1015911684
1285596561 1028795965
1293864063 1035266327
1310399067 1047872499
1368271581 1088611715
1393074087 1108235255
1434411597 1145666823
1442679099 1153079399
1459214103 1167421048
1484016609 1188633358
1517086617 1216162523
1541889123 1236587696
1566691629 1256802307
1583226633 1270221870
1608029139 1289960453
1641099147 1316274288
1657634151 1329422132
1690704159 1355055587
1732041669 1386951389
1740309171 1393387875
1781646681 1424311108
1789914183 1430370211
1814716689 1448088537
1831251693 1459634091
1856054199 1478700147
1889124207 1505565523
1905659211 1518682240
1913926713 1525181977
1930461717 1537803369
1980066729 1574907779
2013136737 1599202386
2029671741 1610913119
2062741749 1633525064
2079276753 1646546424
2104079259 1668957660
2153684271 1712537987
2161951773 1719885385
2236359291 1783450529
2261161797 1803841548
2302499307 1837802159
2327301813 1858347367
2352104319 1878919373
2360371821 1885705485
2385174327 1905607882
2426511837 1938561881
2451314343 1958236830
2476116849 1977916972
2484384351 1984415296
2509186857 2003528083
2533989363 2022571024
2550524367 2035212071
2558791869 2041291929
2608396881 2078556939
2649734391 2108723710
2658001893 2114509564
2674536897 2126317956
2699339403 2143534767
2724141909 2160052807
2732409411 2165604516
2782014423 2202372937
2798549427 2217935809
2823351933 2240329359
2856421941 2269934597
2897759451 2307720171
2930829459 2336819511
2972166969 2372905518
3005236977 2401060924
3030039483 2422139088
3054841989 2443131602
3071376993 2456999547
3104447001 2484315832
3129249507 2505256740
3145784511 2519254398
3178854519 2546618085
3195389523 2560516252
3253262037 2607857104
3294599547 2642105623
3344204559 2682213262
3352472061 2688918693
3393809571 2721830785
3402077073 2728700411
3418612077 2741924110
3426879579 2748621274
3468217089 2781654163
3526089603 2828911093
3542624607 2842226464
3550892109 2848945099
3567427113 2862359520
3625299627 2907412668
3641834631 2920476592
3650102133 2927074093
3666637137 2940146638
3749312157 3006166095
3765847161 3019422351
3798917169 3045488175
3840254679 3078533514
3873324687 3104856285
3889859691 3118010911
3914662197 3137318925
3939464703 3156920759
3997337217 3200512942
4013872221 3213325613
4038674727 3231850075
4063477233 3250093420
4096547241 3274378943
4121349747 3292099859
4170954759 3330173118
4187489763 3344750222
4212292269 3366304591
4220559771 3373494851
4261897281 3407846953
4270164783 3415276543
4294967289 3436757622
