6000000 5365273
12000000 10779488
18000000 16389180
30000000 27052611
42000000 38671700
66000000 60730481
78000000 71406731
102000000 93770954
114000000 104527881
138000000 126970513
174000000 160123049
186000000 170021524
222000000 204134402
246000000 225563289
258000000 237544697
282000000 259049379
318000000 292447779
354000000 325512886
366000000 335668507
402000000 369700401
426000000 392771525
438000000 403379910
474000000 434046048
498000000 457634544
534000000 492496714
582000000 534115295
606000000 555444537
618000000 568039263
642000000 591481291
654000000 603334785
678000000 625582371
762000000 698786935
786000000 723170978
822000000 758411856
834000000 769654529
894000000 822439171
906000000 832908522
942000000 864031763
978000000 899220194
1002000000 922353189
1038000000 958166701
1074000000 991373929
1086000000 1002325897
1146000000 1054288466
1158000000 1064643650
1182000000 1085383734
1194000000 1094979985
1266000000 1166962210
1338000000 1235542118
1362000000 1257700319
1374000000 1268519152
1398000000 1289218996
1434000000 1319747847
1446000000 1330112446
1506000000 1381085196
1542000000 1419136030
1578000000 1454596564
1614000000 1489296707
1626000000 1501211306
1662000000 1535425623
1686000000 1557520619
1698000000 1568767838
1758000000 1621842882
1842000000 1695141243
1866000000 1714383893
1878000000 1724028817
1902000000 1747991081
1986000000 1830689343
2022000000 1865894404
2082000000 1923699559
2094000000 1934897573
2118000000 1957277147
2154000000 1989942079
2202000000 2032756791
2238000000 2062401428
2274000000 2095135064
2298000000 2116689862
2334000000 2147777426
2382000000 2189718583
2406000000 2210734817
2454000000 2261092415
2514000000 2318924489
2526000000 2331197304
2586000000 2389897542
2598000000 2401356290
2634000000 2435135239
2658000000 2457463248
2694000000 2489968544
2742000000 2534135311
2766000000 2555340139
2778000000 2565686800
2802000000 2585707808
2874000000 2648308836
2922000000 2691458450
2946000000 2712432545
2994000000 2750252344
3018000000 2774937223
3054000000 2813001962
3126000000 2883025679
3138000000 2895158567
3246000000 3000125753
3282000000 3034636216
3342000000 3090460334
3378000000 3123448137
3414000000 3156934982
3426000000 3167772988
3462000000 3199882356
3522000000 3252183309
3558000000 3283445361
3594000000 3312395772
3606000000 3322896486
3642000000 3357061371
3678000000 3388903097
3702000000 3408930587
3714000000 3418505377
3786000000 3483893886
3846000000 3542866198
3858000000 3555514924
3882000000 3579680822
3918000000 3615149656
3954000000 3650001162
3966000000 3661379293
4038000000 3730595439
4062000000 3754457779
4098000000 3789308015
4146000000 3834793280
4206000000 3890585660
4254000000 3935309261
