500000 420261
1000000 850652
1500000 1323346
2500000 2130394
3500000 3090515
5500000 4845798
6500000 5704571
8500000 7478703
9500000 8330347
11500000 10117001
14500000 12783194
15500000 13534042
18500000 16302546
20500000 17956236
21500000 18950006
23500000 20676792
26500000 23327092
29500000 26001299
30500000 26767724
33500000 29560308
35500000 31394106
36500000 32242075
39500000 34552832
41500000 36519266
44500000 39322406
48500000 42566984
50500000 44159858
51500000 45232938
53500000 47204031
54500000 48129283
56500000 49908058
63500000 55540055
65500000 57660439
68500000 60541449
69500000 61458477
74500000 65751478
75500000 66554067
78500000 68856332
81500000 71745599
83500000 73700717
86500000 76517257
89500000 79203018
90500000 80084768
95500000 84190788
96500000 84954183
98500000 86445922
99500000 87173932
105500000 93131455
111500000 98642837
113500000 100418444
114500000 101285157
116500000 102954396
119500000 105356070
120500000 106134594
125500000 109834040
128500000 113056688
131500000 116063733
134500000 118927481
135500000 119864579
138500000 122613638
140500000 124409839
141500000 125321308
146500000 129639393
153500000 135263487
155500000 136694422
156500000 137469214
158500000 139483523
165500000 146340100
168500000 149174266
173500000 153732416
174500000 154617500
176500000 156418752
179500000 159070047
183500000 162502268
186500000 164944869
189500000 167435386
191500000 169055325
194500000 171326530
198500000 174559667
200500000 176258762
204500000 180342507
209500000 185176709
210500000 186150082
215500000 190843725
216500000 191763323
219500000 194450756
221500000 196255325
224500000 198920854
228500000 202439412
230500000 204147465
231500000 204985541
233500000 206637800
239500000 211538671
243500000 214662460
245500000 216181633
249500000 218992141
251500000 220972285
254500000 224112636
260500000 230026879
261500000 231008370
270500000 239491474
273500000 242229053
278500000 246689192
281500000 249353917
284500000 252009652
285500000 252879904
288500000 255465124
293500000 259647012
296500000 262091966
299500000 264451133
300500000 265251562
303500000 267653568
306500000 269924291
308500000 271360730
309500000 272053083
315500000 277269816
320500000 282413013
321500000 283455468
323500000 285440945
326500000 288413776
329500000 291328008
330500000 292301485
336500000 297957529
338500000 299833163
341500000 302607833
345500000 306271092
350500000 310774481
354500000 314393443
359500000 318824779
363500000 322339786
366500000 324908285
369500000 327437932
371500000 329089985
375500000 332359990
378500000 334931445
380500000 336586361
384500000 339810104
386500000 341360553
393500000 347069218
398500000 351436833
404500000 357242200
405500000 358243643
410500000 363099996
411500000 364049310
413500000 365945583
414500000 366890536
419500000 371595632
426500000 378147939
428500000 379990073
429500000 380898082
431500000 382734985
438500000 388987874
440500000 390818348
441500000 391736430
443500000 393532131
453500000 402388760
455500000 404129697
459500000 407578155
464500000 411797144
468500000 415091663
470500000 416822910
473500000 419372434
476500000 421872297
483500000 427527749
485500000 429095103
488500000 431390370
491500000 433802163
495500000 436887872
498500000 439092377
504500000 444837275
506500000 446872524
509500000 449884068
510500000 450882299
515500000 455723299
516500000 456686562
519500000 459493913
524500000 464311046
525500000 465277771
530500000 470001473
531500000 470933866
534500000 473747796
543500000 481998325
545500000 483823277
546500000 484708074
548500000 486526738
551500000 489222723
554500000 491904649
558500000 495439994
561500000 498113094
564500000 500803296
575500000 510455704
576500000 511317291
581500000 515575498
585500000 518924249
590500000 523139670
593500000 525617485
596500000 528071008
600500000 531284037
606500000 536194357
608500000 537785086
611500000 540126090
614500000 542409375
615500000 543159074
618500000 545354278
624500000 549505863
629500000 554613209
638500000 563743293
639500000 564743683
641500000 566742187
644500000 569698663
645500000 570689090
648500000 573594182
650500000 575502849
651500000 576467046
653500000 578422025
659500000 584177953
660500000 585132406
663500000 587949657
680500000 603713657
683500000 606456042
686500000 609170266
690500000 612830577
699500000 620913385
704500000 625448346
711500000 631717177
713500000 633496375
714500000 634386839
716500000 636169757
719500000 638835813
723500000 642345403
725500000 644108791
726500000 644985899
729500000 647580533
735500000 652733479
740500000 656956421
741500000 657804771
743500000 659475835
744500000 660314672
746500000 661969490
749500000 664396130
755500000 669554697
761500000 674565123
765500000 677856037
771500000 682619606
774500000 684948068
776500000 686478299
779500000 688730235
783500000 692240842
785500000 694203062
789500000 698010888
791500000 699897625
798500000 706374567
800500000 708237667
803500000 711199494
804500000 712191164
806500000 714110151
809500000 717001675
810500000 717963304
813500000 720827960
818500000 725565287
828500000 734866970
831500000 737595191
833500000 739429287
834500000 740369702
846500000 751552838
848500000 753395161
849500000 754313459
854500000 758895877
860500000 764323414
861500000 765231340
866500000 769748919
870500000 773302004
873500000 775965338
876500000 778647578
879500000 781377453
888500000 789460039
891500000 792127146
893500000 793889903
894500000 794775966
900500000 800085270
905500000 804497672
911500000 809728196
915500000 813185191
923500000 820011550
930500000 825885263
933500000 828368141
935500000 830010190
936500000 830822735
938500000 832533341
939500000 833426564
944500000 837793424
950500000 842932836
953500000 845471438
956500000 847980415
965500000 855358478
966500000 856167510
974500000 862506148
975500000 863270265
986500000 872453063
989500000 874899281
993500000 878102015
996500000 880478382
998500000 882015502
999500000 882782250
1001500000 884691585
1005500000 888725631
1008500000 891691724
1013500000 896623165
1014500000 897622636
1019500000 902469615
1026500000 909183439
1031500000 913904323
1034500000 916721708
1040500000 922251405
1041500000 923176335
1043500000 925068932
1044500000 926036433
1049500000 930778397
1055500000 936415666
1056500000 937362564
1064500000 944779747
1065500000 945725250
1068500000 948499682
1070500000 950350571
1071500000 951282091
1076500000 955854719
1080500000 959509123
1089500000 967640122
1101500000 978437138
1103500000 980256156
1106500000 982957500
1110500000 986538593
1118500000 993657426
1119500000 994555676
1121500000 996349983
1125500000 999919661
1133500000 1007057653
1134500000 1007939638
1136500000 1009716213
1140500000 1013249912
1143500000 1015894864
1146500000 1018497851
1148500000 1020234059
1154500000 1025435306
1155500000 1026303272
1166500000 1035673615
1169500000 1038209124
1170500000 1039049765
1173500000 1041616595
1175500000 1043355933
1178500000 1045933603
1185500000 1051870729
1188500000 1054404667
1190500000 1056080981
1191500000 1056919364
1194500000 1059417761
1196500000 1061070102
1199500000 1063529978
1205500000 1068555729
1208500000 1071042654
1211500000 1073509703
1218500000 1079175725
1220500000 1080771529
1223500000 1083173391
1229500000 1087884649
1233500000 1090965225
1236500000 1093235715
1238500000 1094737224
1251500000 1104618534
1260500000 1113775244
1265500000 1118737268
1269500000 1122686740
1271500000 1124662924
1274500000 1127608460
1275500000 1128607149
1278500000 1131525349
1289500000 1142093829
1295500000 1147752851
1296500000 1148693243
1304500000 1156249879
1308500000 1160061776
1310500000 1161962663
1316500000 1167605614
1323500000 1174136772
1328500000 1178791081
1329500000 1179732827
1331500000 1181581331
1335500000 1185250000
1338500000 1188044493
1341500000 1190799312
1343500000 1192620553
1344500000 1193558275
1346500000 1195408058
1349500000 1198153107
1353500000 1201781147
1355500000 1203632801
1356500000 1204539960
1359500000 1207246234
1364500000 1211767644
1365500000 1212672747
1370500000 1217185711
1374500000 1220770292
1376500000 1222593465
1383500000 1228909473
1388500000 1233348274
1394500000 1238689773
1395500000 1239585348
1398500000 1242232440
1400500000 1244020486
1401500000 1244918890
1409500000 1252084643
1416500000 1258326624
1418500000 1260106033
1421500000 1262764968
1425500000 1266305965
1428500000 1268935835
1430500000 1270709730
1439500000 1278592363
1443500000 1282087098
1448500000 1286420242
1451500000 1289016865
1454500000 1291616743
1458500000 1295032947
1463500000 1299313508
1469500000 1304435082
1476500000 1310372790
1478500000 1312062570
1481500000 1314569926
1484500000 1317077820
1485500000 1317913571
1499500000 1329381938
1500500000 1330221341
1505500000 1334495226
1509500000 1337872991
1511500000 1339545723
1518500000 1345351823
1520500000 1346997859
1524500000 1350247473
1530500000 1355081157
1533500000 1357472044
1539500000 1362184100
1541500000 1363728664
1544500000 1366041208
1554500000 1373572047
1559500000 1377227169
1560500000 1377943643
1568500000 1385538835
1581500000 1398472084
1583500000 1400460347
1584500000 1401462570
1590500000 1407307619
1593500000 1410204177
1595500000 1412136997
1601500000 1417877571
1604500000 1420834200
1608500000 1424711772
1610500000 1426632083
1614500000 1430499029
1625500000 1440958177
1626500000 1441925381
1628500000 1443818970
1629500000 1444782173
1635500000 1450451219
1649500000 1463600482
1650500000 1464542087
1653500000 1467327962
1656500000 1470133991
1659500000 1472894896
1661500000 1474716045
1664500000 1477473102
1665500000 1478409224
1671500000 1484010724
1673500000 1485878028
1679500000 1491476075
1680500000 1492416745
1685500000 1497078718
1686500000 1498002802
1694500000 1505379122
1695500000 1506313093
1703500000 1513628672
1706500000 1516369794
1716500000 1525482597
1724500000 1532764035
1728500000 1536418506
1730500000 1538246942
1731500000 1539154544
1733500000 1540963772
1734500000 1541854247
1745500000 1551736038
1749500000 1555301263
1755500000 1560759327
1758500000 1563494273
1763500000 1568057943
1764500000 1568974274
1766500000 1570789577
1769500000 1573478379
1770500000 1574386138
1773500000 1577071568
1778500000 1581535777
1779500000 1582438505
1785500000 1587768286
1790500000 1592251453
1791500000 1593140482
1796500000 1597574278
1803500000 1603836113
1806500000 1606494323
1808500000 1608265802
1811500000 1610910837
1815500000 1614462352
1818500000 1617104254
1821500000 1619729987
1829500000 1626738601
1835500000 1631960047
1836500000 1632826671
1838500000 1634569700
1845500000 1640586477
1848500000 1643173742
1850500000 1644868995
1854500000 1648306030
1859500000 1652531338
1863500000 1655910827
1866500000 1658442232
1869500000 1660957516
1880500000 1670436423
1883500000 1673084312
1884500000 1673963995
1889500000 1678346944
1896500000 1684401781
1898500000 1686137540
1901500000 1688708532
1910500000 1696381472
1911500000 1697224039
1916500000 1701436114
1923500000 1707284462
1925500000 1708931404
1926500000 1709769734
1931500000 1713881164
1938500000 1719600346
1940500000 1721223832
1944500000 1724439198
1953500000 1731599719
1955500000 1733395672
1958500000 1736099444
1959500000 1736992714
1961500000 1738769335
1964500000 1741397979
1965500000 1742263211
1971500000 1747545143
1973500000 1749263997
1983500000 1757856710
1994500000 1767136655
2000500000 1772146002
2001500000 1773139531
2003500000 1775113319
2006500000 1778026297
2009500000 1780938581
2010500000 1781900413
2013500000 1784831995
2024500000 1795335679
2025500000 1796290377
2028500000 1799155068
2036500000 1806720532
2039500000 1809590886
2045500000 1815241220
2046500000 1816169651
2049500000 1818963609
2055500000 1824576405
2063500000 1832024716
2064500000 1832948917
2066500000 1834797666
2069500000 1837575974
2076500000 1843962916
2078500000 1845773723
2079500000 1846686095
2088500000 1855009986
2100500000 1866183453
2105500000 1870825704
2108500000 1873585380
2109500000 1874521694
2114500000 1879167326
2115500000 1880096566
2120500000 1884678573
2121500000 1885601744
2126500000 1890160630
2129500000 1892941676
2130500000 1893861835
2135500000 1898467460
2136500000 1899392590
2141500000 1903959410
2144500000 1906708004
2148500000 1910319328
2163500000 1923928058
2168500000 1928401348
2169500000 1929313925
2174500000 1933794887
2178500000 1937384483
2181500000 1940068789
2186500000 1944497413
2195500000 1952656501
2198500000 1955363095
2204500000 1960812050
2210500000 1966275703
2211500000 1967181511
2220500000 1975261300
2223500000 1977963436
2225500000 1979770139
2228500000 1982429429
2231500000 1985095190
2240500000 1993147147
2241500000 1994048682
2246500000 1998502167
2253500000 2004767401
2256500000 2007446480
2258500000 2009250319
2259500000 2010141976
2261500000 2011916718
2273500000 2022564357
2274500000 2023462244
2280500000 2028740912
2283500000 2031399731
2291500000 2038407323
2295500000 2041902871
2298500000 2044536377
2301500000 2047155759
2310500000 2054980159
2318500000 2061864356
2319500000 2062737153
2321500000 2064460374
2324500000 2067056040
2325500000 2067917038
2328500000 2070483851
2331500000 2073037792
2336500000 2077305608
2339500000 2079837842
2345500000 2084977624
2351500000 2090291746
2360500000 2098169238
2361500000 2099047011
2364500000 2101652399
2366500000 2103385271
2375500000 2111154275
2379500000 2114592551
2391500000 2124834639
2393500000 2126529722
2394500000 2127372237
2396500000 2129071666
2399500000 2131591366
2400500000 2132436922
2406500000 2137517630
2408500000 2139206505
2415500000 2145092525
2430500000 2157547985
2435500000 2161651212
2438500000 2164083800
2444500000 2168988828
2451500000 2174694933
2454500000 2177124956
2459500000 2181145745
2465500000 2185937142
2466500000 2186729619
2468500000 2188302201
2471500000 2190668041
2475500000 2193789704
2478500000 2196116481
2483500000 2199983536
2484500000 2200745960
2486500000 2202274501
2493500000 2207579861
2496500000 2209826300
2499500000 2212058097
2501500000 2213910904
2504500000 2216941968
2505500000 2217940797
2510500000 2222872835
2511500000 2223858609
2519500000 2231683424
2525500000 2237544089
2529500000 2241369730
2538500000 2250001611
2540500000 2251953673
2543500000 2254837588
2549500000 2260610013
2550500000 2261568136
2553500000 2264437813
2556500000 2267274856
2559500000 2270095922
2573500000 2283269542
2576500000 2286092234
2583500000 2292650609
2585500000 2294508617
2589500000 2298212715
2594500000 2302846441
2598500000 2306494238
2604500000 2312038699
2613500000 2320528736
2615500000 2322420599
2616500000 2323388539
2618500000 2325270908
2630500000 2336456974
2636500000 2342046176
2639500000 2344852452
2640500000 2345785287
2648500000 2353168813
2651500000 2355944155
2654500000 2358717150
2661500000 2365197998
2666500000 2369790216
2673500000 2376231241
2675500000 2378057635
2690500000 2391773788
2693500000 2394508432
2696500000 2397281383
2699500000 2400011439
2703500000 2403627362
2706500000 2406338650
2708500000 2408174714
2709500000 2409099391
2715500000 2414517233
2718500000 2417230532
2720500000 2419034073
2721500000 2419953222
2724500000 2422665710
2735500000 2432529057
2738500000 2435220057
2739500000 2436143457
2741500000 2437942767
2750500000 2446011345
2751500000 2446924214
2753500000 2448760160
2759500000 2454168121
2760500000 2455073710
2763500000 2457778028
2765500000 2459578628
2778500000 2471183642
2781500000 2473860279
2784500000 2476523785
2786500000 2478309996
2790500000 2481867937
2795500000 2486321279
2811500000 2500538108
2819500000 2507750913
2820500000 2508650931
2823500000 2511337346
2825500000 2513130190
2826500000 2514015031
2828500000 2515807473
2829500000 2516699483
2834500000 2521164297
2841500000 2527386805
2844500000 2530051844
2846500000 2531840631
2850500000 2535378383
2855500000 2539799439
2858500000 2542449595
2868500000 2551237128
2870500000 2552984593
2871500000 2553864151
2874500000 2556488434
2889500000 2569599898
2891500000 2571340404
2895500000 2574837707
2900500000 2579171927
2903500000 2581787637
2906500000 2584386802
2910500000 2587863226
2913500000 2590440908
2919500000 2595595759
2921500000 2597321208
2924500000 2599886315
2925500000 2600762174
2928500000 2603316541
2930500000 2605039432
2933500000 2607630418
2934500000 2608499360
2939500000 2612806873
2940500000 2613671195
2948500000 2620549874
2951500000 2623119586
2961500000 2631634221
2963500000 2633338409
2969500000 2638420879
2976500000 2644329974
2990500000 2656060489
2993500000 2658544185
3003500000 2666926325
3005500000 2668656130
3014500000 2676347260
3018500000 2679741655
3021500000 2682266825
3023500000 2683958660
3026500000 2686476139
3033500000 2692350157
3036500000 2694845608
3039500000 2697335211
3044500000 2701468434
3045500000 2702297248
3050500000 2706407893
3056500000 2711319929
3060500000 2714572770
3065500000 2718624380
3066500000 2719430012
3071500000 2723449034
3075500000 2726646853
3081500000 2731411896
3086500000 2735353666
3098500000 2744694815
3099500000 2745468854
3101500000 2747008402
3105500000 2750072680
3108500000 2752359202
3110500000 2753882386
3114500000 2756899328
3123500000 2763599223
3128500000 2768171046
3131500000 2771194299
3134500000 2774236490
3135500000 2775261541
3138500000 2778281792
3143500000 2783203974
3149500000 2789112660
3150500000 2790112911
3155500000 2795033606
3158500000 2797954557
3161500000 2800835400
3164500000 2803778599
3168500000 2807697911
3171500000 2810626472
3176500000 2815455612
3179500000 2818323472
3180500000 2819319688
3183500000 2822210719
3186500000 2825087584
3189500000 2827977277
3194500000 2832735046
3198500000 2836539201
3210500000 2848038854
3213500000 2850900230
3224500000 2861320377
3225500000 2862311376
3234500000 2870754885
3236500000 2872685822
3240500000 2876435105
3245500000 2881167222
3260500000 2895229197
3264500000 2898986746
3273500000 2907414611
3275500000 2909292832
3276500000 2910250704
3281500000 2914894102
3284500000 2917712823
3285500000 2918652592
3288500000 2921420051
3290500000 2923284541
3299500000 2931667527
3303500000 2935358613
3309500000 2940920367
3318500000 2949186268
3326500000 2956488266
3329500000 2959247975
3330500000 2960175351
3336500000 2965705019
3339500000 2968476606
3344500000 2973126796
3345500000 2974057925
3350500000 2978693223
3351500000 2979633837
3354500000 2982422140
3359500000 2987046429
3366500000 2993531711
3368500000 2995381645
3380500000 3006330741
3381500000 3007273405
3389500000 3014624521
3390500000 3015531376
3395500000 3020074587
3396500000 3020994580
3401500000 3025543676
3411500000 3034635409
3413500000 3036479813
3414500000 3037391207
3416500000 3039228100
3420500000 3042851676
3428500000 3050104591
3431500000 3052812864
3434500000 3055544568
3435500000 3056452124
3441500000 3061922337
3449500000 3069216450
3453500000 3072893974
3455500000 3074714112
3458500000 3077428008
3473500000 3090966454
3474500000 3091885707
3479500000 3096393197
3480500000 3097313400
3483500000 3100015352
3485500000 3101841105
3488500000 3104520117
3491500000 3107210096
3495500000 3110784649
3498500000 3113451407
3500500000 3115286558
3506500000 3120729885
3509500000 3123464943
3513500000 3127112468
3519500000 3132555418
3521500000 3134394753
3528500000 3140756592
3534500000 3146174310
3539500000 3150690553
3551500000 3161458860
3554500000 3164160651
3560500000 3169551889
3563500000 3172238229
3564500000 3173133375
3575500000 3182943749
3579500000 3186521863
3588500000 3194585307
3593500000 3199046673
3596500000 3201710422
3603500000 3207981346
3605500000 3209779110
3606500000 3210693580
3609500000 3213386846
3614500000 3217823594
3618500000 3221375640
3621500000 3224033748
3623500000 3225819961
3626500000 3228494721
3641500000 3241769682
3648500000 3247946238
3653500000 3252351390
3654500000 3253240030
3660500000 3258498307
3665500000 3262901878
3666500000 3263776300
3674500000 3270761825
3675500000 3271643236
3684500000 3279492709
3696500000 3289876985
3705500000 3297645199
3708500000 3300244615
3716500000 3307096098
3725500000 3314820758
3728500000 3317388552
3729500000 3318248208
3738500000 3325892531
3740500000 3327586537
3743500000 3330121033
3744500000 3330978650
3749500000 3335186020
3753500000 3338727159
3758500000 3343212187
3761500000 3345891440
3764500000 3348536731
3768500000 3352072486
3770500000 3353853311
3773500000 3356461304
3774500000 3357348423
3779500000 3361760892
3780500000 3362641498
3786500000 3367863659
3788500000 3369621422
3791500000 3372229464
3794500000 3374823630
3795500000 3375696367
3801500000 3380900339
3803500000 3382624626
3810500000 3388655249
3819500000 3396385575
3821500000 3398107705
3824500000 3400678728
3834500000 3409174403
3836500000 3410868132
3840500000 3414266774
3843500000 3416777594
3845500000 3418473027
3849500000 3421810950
3851500000 3423499636
3858500000 3429355313
3861500000 3431851802
3863500000 3433519940
3870500000 3439316945
3876500000 3444272970
3878500000 3445930479
3879500000 3446761950
3894500000 3458972745
3896500000 3460586401
3908500000 3470471660
3911500000 3473287890
3914500000 3476108351
3920500000 3481705239
3926500000 3487236261
3933500000 3493634547
3936500000 3496401313
3938500000 3498250929
3939500000 3499189310
3941500000 3501019360
3950500000 3509168390
3953500000 3511893108
3959500000 3517324918
3963500000 3520923955
3966500000 3523611066
3968500000 3525409330
3974500000 3530783941
3975500000 3531719050
3981500000 3537078734
3996500000 3550251184
4004500000 3557602007
4005500000 3558530940
4008500000 3561391218
4019500000 3571720053
4026500000 3578278078
4029500000 3581075444
4034500000 3585725071
4040500000 3591301564
4043500000 3594025201
4044500000 3594972604
4046500000 3596847171
4050500000 3600573802
4055500000 3605222936
4058500000 3608012546
4061500000 3610718044
4073500000 3621852321
4080500000 3628339251
4083500000 3631111790
4085500000 3632962881
4089500000 3636611350
4095500000 3642145054
4104500000 3650398336
4109500000 3654986200
4110500000 3655919115
4115500000 3660504220
4116500000 3661422912
4118500000 3663237425
4121500000 3666001830
4131500000 3675123921
4134500000 3677859625
4136500000 3679683796
4143500000 3686022983
4145500000 3687831936
4146500000 3688734480
4148500000 3690527421
4155500000 3696829502
4158500000 3699546408
4164500000 3704948646
4176500000 3715943997
4181500000 3720547769
4184500000 3723328602
4188500000 3726988224
4193500000 3731598989
4194500000 3732511975
4209500000 3746283362
4211500000 3748150882
4214500000 3750861214
4215500000 3751794466
4221500000 3757305033
4223500000 3759161028
4230500000 3765535633
4233500000 3768305753
4250500000 3783701911
4256500000 3789162286
4260500000 3792859477
4263500000 3795603793
4268500000 3800132180
4269500000 3801073336
4271500000 3802908070
4281500000 3811939283
4286500000 3816487532
4290500000 3820091024
