9000000 8157659
18000000 16389180
27000000 24746399
45000000 41098500
63000000 58356685
99000000 91680542
117000000 108245545
153000000 141754451
171000000 158200289
207000000 191799222
261000000 241966890
279000000 257910639
333000000 308556635
369000000 341884535
387000000 359209678
423000000 391886788
477000000 442636779
531000000 492501713
549000000 508727620
603000000 559481920
639000000 593146872
657000000 609715378
711000000 658669356
747000000 692999957
801000000 743544630
873000000 809650248
909000000 842660626
927000000 860866592
963000000 894976889
981000000 912149675
1017000000 944658023
1143000000 1060599099
1179000000 1095913690
1233000000 1146833980
1251000000 1162733812
1341000000 1244678841
1359000000 1261222355
1413000000 1310841018
1467000000 1363377554
1503000000 1396479952
1557000000 1448571405
1611000000 1497422445
1629000000 1514201125
1719000000 1597203877
1737000000 1613702527
1773000000 1646358015
1791000000 1661514311
1899000000 1766668028
2007000000 1865996042
2043000000 1900143521
2061000000 1917662612
2097000000 1950460579
2151000000 1998750639
2169000000 2015138345
2259000000 2095682466
2313000000 2152020939
2367000000 2203310225
2421000000 2253770722
2439000000 2271147061
2493000000 2320599943
2529000000 2352818361
2547000000 2370480714
2637000000 2453694494
2763000000 2569559636
2799000000 2600046934
2817000000 2615281473
2853000000 2652146030
2979000000 2773234093
3033000000 2824281736
3123000000 2908317851
3141000000 2925188556
3177000000 2958728697
3231000000 3007282352
3303000000 3075215070
3357000000 3121397473
3411000000 3173263636
3447000000 3207915788
3501000000 3256808176
3573000000 3321985644
3609000000 3354132025
3681000000 3427550530
3771000000 3511359580
3789000000 3529453784
3879000000 3615494004
3897000000 3632000369
3951000000 3681854617
3987000000 3714167597
4041000000 3761254515
4113000000 3831789800
4149000000 3865326040
4167000000 3881546205
4203000000 3912965078
