12975732 11748730
25951464 23734035
38927196 35568776
64878660 60006863
90830124 83322519
142733052 131132357
168684516 155909940
220587444 203858351
246538908 227989937
298441836 275931536
376296228 348195869
402247692 370509292
480102084 444537859
532005012 492198333
557956476 516176750
609859404 564576760
687713796 637225498
765568188 709224525
791519652 732950159
869374044 805349624
921276972 853819052
947228436 877446152
1025082828 949563404
1076985756 998379830
1154840148 1071059876
1258646004 1165755459
1310548932 1213707627
1336500396 1239474026
1388403324 1287791342
1414354788 1311671454
1466257716 1359467490
1647917964 1528803225
1699820892 1577305399
1777675284 1650199096
1803626748 1673424117
1933384068 1791510975
1959335532 1811440210
2037189924 1890664996
2115044316 1963687232
2166947244 2011956599
2244801636 2084102647
2322656028 2156970409
2348607492 2181141184
2478364812 2300959590
2504316276 2324753766
2556219204 2373109598
2582170668 2396983421
2737879452 2543759081
2893588236 2685615205
2945491164 2731549134
2971442628 2757202336
3023345556 2806342195
3101199948 2880898556
3127151412 2906182673
3256908732 3026786013
3334763124 3099215387
3412617516 3171422168
3490471908 3245362661
3516423372 3269296164
3594277764 3337034682
3646180692 3386107255
3672132156 3411195552
3801889476 3532469740
3983549724 3700461184
4035452652 3751345005
4061404116 3776396197
4113307044 3824744479
4294967292 3991799133
