5000000 4308736
10000000 8674679
15000000 13456691
25000000 21765320
35000000 31435010
55000000 49320733
65000000 57931574
85000000 76047115
95000000 84713175
115000000 103026146
145000000 129987761
155000000 137347359
185000000 165703205
205000000 182515456
215000000 192710403
235000000 210293485
265000000 237296532
295000000 264212538
305000000 271780178
335000000 300084289
355000000 318865727
365000000 327550510
395000000 350549185
415000000 371003384
445000000 399662961
485000000 432414612
505000000 448741318
515000000 459856544
535000000 479981556
545000000 489443559
565000000 507640788
635000000 564880583
655000000 586406349
685000000 615465046
695000000 624669564
745000000 667875693
755000000 675885066
785000000 698001209
815000000 727912690
835000000 748291412
865000000 777236692
895000000 804598048
905000000 813576344
955000000 854863986
965000000 862420547
985000000 877289536
995000000 884680270
1055000000 946478343
1115000000 1002551393
1135000000 1020641177
1145000000 1029454665
1165000000 1046430538
1195000000 1070665891
1205000000 1078468433
1255000000 1115709949
1285000000 1148940097
1315000000 1179569220
1345000000 1208584462
1355000000 1218050353
1385000000 1245787029
1405000000 1263898642
1415000000 1273039082
1465000000 1316521804
1535000000 1372113458
1555000000 1385571641
1565000000 1392868697
1585000000 1413148543
1655000000 1484514268
1685000000 1513867766
1735000000 1560694599
1745000000 1569726344
1765000000 1588131646
1795000000 1615189641
1835000000 1650114187
1865000000 1674831123
1895000000 1699708545
1915000000 1715696437
1945000000 1737752333
1985000000 1770201555
2005000000 1787568629
2045000000 1830613520
2095000000 1880641963
2105000000 1890622801
2155000000 1938581328
2165000000 1947932576
2195000000 1975240518
2215000000 1993565883
2245000000 2020700388
2285000000 2056474716
2305000000 2073820355
2315000000 2082332048
2335000000 2098987966
2395000000 2148070843
2435000000 2179009409
2455000000 2194339165
2495000000 2222605561
2515000000 2243277486
2545000000 2276079522
2605000000 2336972009
2615000000 2347067364
2705000000 2433721369
2735000000 2461604155
2785000000 2507069739
2815000000 2534272559
2845000000 2561284002
2855000000 2570156469
2885000000 2596559984
2935000000 2639133763
2965000000 2664067555
2995000000 2687923415
3005000000 2696015541
3035000000 2720264345
3065000000 2743004081
3085000000 2757278394
3095000000 2764070088
3155000000 2816330289
3205000000 2868514986
3215000000 2879208646
3235000000 2899643061
3265000000 2929953330
3295000000 2959730456
3305000000 2969553267
3365000000 3027066961
3385000000 3046120074
3415000000 3074183884
3455000000 3111180633
3505000000 3156649717
3545000000 3193157636
3595000000 3237930800
3635000000 3273224462
3665000000 3299075677
3695000000 3324491494
3715000000 3341098169
3755000000 3373557270
3785000000 3399071331
3805000000 3415435233
3845000000 3446796437
3865000000 3461784868
3935000000 3517556663
3985000000 3561495720
4045000000 3622355755
4055000000 3632901433
4105000000 3683751752
4115000000 3693656673
4135000000 3713317591
4145000000 3723097255
4195000000 3771802245
4265000000 3839102788
4285000000 3857949361
