10000000 8674678
20000000 17445194
30000000 27052610
50000000 43796537
70000000 63180224
110000000 99131608
130000000 116364487
170000000 152825530
190000000 170291147
230000000 207087629
290000000 261226825
310000000 276125313
370000000 333023698
410000000 366811531
430000000 387289558
470000000 422657065
530000000 476796963
590000000 531005340
610000000 546281349
670000000 602764652
710000000 640641292
730000000 658149213
790000000 704488717
830000000 745514750
890000000 803089228
970000000 869016978
1010000000 901779398
1030000000 924025234
1070000000 964408166
1090000000 983471920
1130000000 1020029780
1270000000 1134494851
1310000000 1177380762
1370000000 1236233799
1390000000 1254804258
1490000000 1341983833
1510000000 1358130076
1570000000 1402654415
1630000000 1462298511
1670000000 1503437826
1730000000 1561673795
1790000000 1616572028
1810000000 1634664879
1910000000 1717700543
1930000000 1732922341
1970000000 1762940705
1990000000 1777599164
2110000000 1901751329
2230000000 1901751329
2270000000 1901751329
2290000000 1901751329
2330000000 1901751329
2390000000 1901751329
2410000000 1901751329
2510000000 1901751329
2570000000 1901751329
2630000000 1901751329
2690000000 1901751329
2710000000 1901751329
2770000000 1901751329
2810000000 1901751329
2830000000 1901751329
2930000000 1901751329
3070000000 1901751329
3110000000 1901751329
3130000000 1901751329
3170000000 1901751329
3310000000 1901751329
3370000000 1901751329
3470000000 1901751329
3490000000 1901751329
3530000000 1901751329
3590000000 1901751329
3670000000 1901751329
3730000000 1901751329
3790000000 1901751329
3830000000 1901751329
3890000000 1901751329
3970000000 1901751329
4010000000 1901751329
4090000000 1901751329
4190000000 1901751329
4210000000 1901751329
