30000000 27052610
60000000 54335133
90000000 82552534
150000000 136240833
210000000 194624449
330000000 305625647
390000000 359358882
510000000 471850449
570000000 525968031
690000000 638828417
870000000 805563159
930000000 855321755
1110000000 1026904539
1230000000 1134750597
1290000000 1194915032
1410000000 1303044273
1590000000 1470989936
1770000000 1637269817
1830000000 1688308033
2010000000 1859446315
2130000000 1975414173
2190000000 1975414173
2370000000 1975414173
2490000000 1975414173
2670000000 1975414173
2910000000 1975414173
3030000000 1975414173
3090000000 1975414173
3210000000 1975414173
3270000000 1975414173
3390000000 1975414173
3810000000 1975414173
3930000000 1975414173
4110000000 1975414173
4170000000 1975414173
