479831 282483
959662 713267
1439493 1062987
2399155 1750337
3358817 2398811
5278141 3443462
6237803 4244046
8157127 5559290
9116789 6312717
11036113 7659645
13915099 9844265
14874761 10517025
17753747 12624292
19673071 14010183
20632733 14683506
22552057 16084389
25431043 18154126
28310029 20131473
29269691 20762502
32148677 22859871
34068001 24250335
35027663 24910784
37906649 26862665
39825973 28133109
42704959 30057303
46543607 32810054
48462931 34135959
49422593 34809870
51341917 36086487
52301579 36714487
54220903 37949664
60938537 42308890
62857861 43592598
65736847 45494678
66696509 46125588
71494819 49090554
72454481 49658988
75333467 51334867
78212453 52943865
80131777 53987396
83010763 55423181
85889749 56694360
86849411 57069867
91647721 60921901
92607383 61658273
94526707 63065319
95486369 63767848
101244341 67691515
107002313 71317321
108921637 72445222
109881299 72989167
111800623 74036647
114679609 75477454
115639271 75915493
120437581 80169587
123316567 82655960
126195553 84973132
129074539 87274875
130034201 88072890
132913187 90331286
134832511 91835027
135792173 92618445
140590483 96298370
147308117 101286401
149227441 102720469
150187103 103454333
152106427 104869630
158824061 109678428
161703047 111714517
166501357 115018815
167461019 115723376
169380343 117020958
172259329 118909092
176097977 121799840
178976963 124013036
181855949 126222394
183775273 127699697
186654259 129883496
190492907 132699432
192412231 134098504
196250879 136957496
201049189 140409208
202008851 141113299
206807161 144503569
207766823 145212429
210645809 147233837
212565133 148541179
215444119 150546598
219282767 153187973
221202091 154477218
222161753 155163327
224081077 156434066
229839049 160056956
233677697 162835196
235597021 164253917
239435669 167084503
241354993 168558702
244233979 170683574
249991951 174774201
250951613 175487652
259588571 181480693
262467557 183650838
267265867 187264698
270144853 189411337
273023839 191565075
273983501 192308261
276862487 194427073
281660797 197925864
284539783 199986159
287418769 202027016
288378431 202721785
291257417 204770879
294136403 206800123
296055727 208167905
297015389 208876038
302773361 212829073
307571671 216105936
308531333 216797469
310450657 218101393
313329643 220014580
316208629 221918931
317168291 222554759
322926263 226527091
324845587 227912115
327724573 229962574
331563221 232621102
336361531 235913550
340200179 238500759
344998489 241612390
348837137 244385478
351716123 246584907
354595109 248814444
356514433 250267594
360353081 253101523
363232067 255245248
365151391 256697334
368990039 259531931
370909363 260944984
377626997 265703816
382425307 269162813
388183279 273258996
389142941 273945295
393941251 277334409
394900913 278058215
396820237 279377985
397779899 280072255
402578209 283381758
409295843 287995402
411215167 289309756
412174829 290001085
414094153 291326473
420811787 295778089
422731111 297092165
423690773 297728369
425610097 299047711
435206717 305586943
437126041 306942021
440964689 309664028
445762999 313021473
449601647 315653256
451520971 316989090
454399957 318941529
457278943 320868748
463996577 325341774
465915901 326698937
468794887 328702028
471673873 330702155
475512521 333316490
478391507 335310986
484149479 339615081
486068803 341084925
488947789 343225659
489907451 343937615
494705761 347430305
495665423 348146920
498544409 350235427
503342719 353728686
504302381 354438238
509100691 357838015
510060353 358536865
512939339 360583260
521576297 366618448
523495621 368008144
524455283 368736884
526374607 370149901
529253593 372213130
532132579 374234524
535971227 376951043
538850213 378969638
541729199 380991768
552285481 388290510
553245143 388972386
558043453 392265040
561882101 394830207
566680411 398081705
569559397 400013179
572438383 401942323
576277031 404463904
582035003 408445059
583954327 409787397
586833313 411780464
589712299 413755293
590671961 414428849
593550947 416394604
599308919 420257291
604107229 423443467
612744187 429241057
613703849 429892832
615623173 431197548
618502159 433141403
619461821 433784848
622340807 435718946
624260131 436999321
625219793 437644125
627139117 438895291
632897089 442624444
633856751 443230870
636735737 445159984
653049991 456935005
655928977 459019454
658807963 461102174
662646611 463752571
671283569 469835562
676081879 473151740
682799513 477742921
684718837 479071629
685678499 479728397
687597823 481019483
690476809 483032347
694315457 485628358
696234781 486996385
697194443 487712855
700073429 489759284
705831401 493811820
710629711 497152581
711589373 497848967
713508697 499199730
714468359 499891085
716387683 501225908
719266669 503221725
725024641 507181080
730782613 511114319
734621261 513723972
740379233 517646599
743258219 519586839
745177543 520901708
748056529 522830038
751895177 525375965
753814501 526665868
757653149 529274580
759572473 530545909
766290107 534964619
768209431 536260512
771088417 538146096
772048079 538806537
773967403 540032481
776846389 541932875
777806051 542547255
780685037 544451845
785483347 547623152
795079967 553940052
797958953 555817381
799878277 557046491
800837939 557683797
812353883 565155786
814273207 566435809
815232869 567087772
820031179 570256021
825789151 574018365
826748813 574654532
831547123 577780643
835385771 580261512
838264757 582108719
841143743 583967129
844022729 585796547
852659687 591308316
855538673 593150822
857457997 594366571
858417659 594980372
864175631 598588218
868973941 601595008
874731913 605248007
878570561 607642544
886247857 612373606
892965491 616475300
895844477 618226651
897763801 619376304
898723463 619948703
900642787 621106479
901602449 621685821
906400759 624523304
912158731 627894932
915037717 629585449
917916703 631252193
926553661 636223123
927513323 636780568
935190619 641203659
936150281 641747016
946706563 647652097
949585549 649226343
953424197 651356301
956303183 653212222
958222507 654780436
959182169 655531503
961101493 657020634
964940141 659988537
967819127 662215494
972617437 665919818
973577099 666674358
978375409 670344781
985093043 675377889
989891353 678977662
992770339 681128396
998528311 685339208
999487973 686077441
1001407297 687521645
1002366959 688236817
1007165269 691783870
1012923241 695964418
1013882903 696665056
1021560199 702206601
1022519861 702892296
1025398847 704904390
1027318171 706306398
1028277833 706996157
1033076143 710387536
1036914791 713098421
1045551749 719278543
1057067693 727549455
1058987017 728896303
1061866003 730919761
1065704651 733634694
1073381947 738998928
1074341609 739676914
1076260933 740996037
1080099581 743631640
1087776877 748949211
1088736539 749610968
1090655863 750944386
1094494511 753553078
1097373497 755540004
1100252483 757472978
1102171807 758769255
1107929779 762718233
1108889441 763365136
1119445723 770425098
1122324709 772363809
1123284371 773002247
1126163357 774929604
1128082681 776199070
1130961667 778132772
1137679301 782649858
1140558287 784587745
1142477611 785864964
1143437273 786515649
1146316259 788443374
1148235583 789703840
1151114569 791598285
1156872541 795395122
1159751527 797281327
1162630513 799177839
1169348147 803624176
1171267471 804886864
1174146457 806780514
1179904429 810502695
1183743077 812986529
1186622063 814841590
1188541387 816066141
1201016993 823977955
1209653951 829367580
1214452261 832373797
1218290909 834759458
1220210233 835963015
1223089219 837756529
1224048881 838348505
1226927867 840119340
1237484149 846569231
1243242121 850037821
1244201783 850622109
1251879079 855195675
1255717727 857444966
1257637051 858568619
1263395023 861929634
1270112657 865772876
1274910967 869092058
1275870629 869950341
1277789953 871543120
1281628601 874454230
1284507587 876714640
1287386573 878936626
1289305897 880444208
1290265559 881261144
1292184883 882786048
1295063869 885045849
1298902517 887948363
1300821841 889468759
1301781503 890275799
1304660489 892466012
1309458799 896100626
1310418461 896899672
1315216771 900592096
1319055419 903516150
1320974743 904983056
1327692377 910047440
1332490687 913550619
1338248659 917819337
1339208321 918594070
1342087307 920760263
1344006631 922240305
1344966293 923052011
1352643589 928703796
1359361223 933578917
1361280547 935048668
1364159533 937161519
1367998181 939937906
1370877167 942100634
1372796491 943587498
1381433449 949745861
1385272097 952515527
1390070407 956028552
1392949393 958144099
1395828379 960295135
1399667027 963104313
1404465337 966566980
1410223309 970749747
1416940943 975454999
1418860267 976897343
1421739253 979049455
1424618239 981155930
1425577901 981916762
1439013169 991411878
1439972831 992174238
1444771141 995567591
1448609789 998363938
1450529113 999781717
1457246747 1004525072
1459166071 1005942259
1463004719 1008728792
1468762691 1012730665
1471641677 1014858312
1477399649 1018896499
1479318973 1020284890
1482197959 1022403808
1491794579 1029136869
1496592889 1032583982
1497552551 1033342147
1505229847 1038768046
1517705453 1047606899
1519624777 1049022522
1520584439 1049783633
1526342411 1053780529
1529221397 1055833890
1531140721 1057292309
1536898693 1061359477
1539777679 1063431818
1543616327 1066131378
1545535651 1067537411
1549374299 1070286044
1559930581 1077515291
1560890243 1078282705
1562809567 1079669879
1563769229 1080448593
1569527201 1084501149
1582962469 1093657567
1583922131 1094399369
1586801117 1096406391
1589680103 1098439111
1592559089 1100459978
1594478413 1101849908
1597357399 1103874346
1598317061 1104611588
1604075033 1108622489
1605994357 1109945815
1611752329 1113904190
1612711991 1114651201
1617510301 1117967529
1618469963 1118724919
1626147259 1124058214
1627106921 1124810878
1634784217 1129994261
1637663203 1132028818
1647259823 1138626836
1654937119 1143923074
1658775767 1146609504
1660695091 1148008927
1661654753 1148774499
1663574077 1150145384
1664533739 1150904685
1675090021 1158013059
1678928669 1160722037
1684686641 1164618719
1687565627 1166636875
1692363937 1169935643
1693323599 1170672352
1695242923 1172047551
1698121909 1174026530
1699081571 1174757608
1701960557 1176804374
1706758867 1180009004
1707718529 1180766938
1713476501 1184614369
1718274811 1187830734
1719234473 1188562099
1724032783 1191726336
1730750417 1196273535
1733629403 1198215174
1735548727 1199569971
1738427713 1201528154
1742266361 1204089602
1745145347 1206049750
1748024333 1208104810
1755701629 1213211247
1761459601 1217054198
1762419263 1217780939
1764338587 1219102585
1771056221 1223548438
1773935207 1225522499
1775854531 1226854720
1779693179 1229429583
1784491489 1232581688
1788330137 1235123653
1791209123 1237045289
1794088109 1238969641
1804644391 1245639585
1807523377 1247589810
1808483039 1248303230
1813281349 1251374006
1819998983 1255624664
1821918307 1256906731
1824797293 1258800449
1833434251 1264347421
1834393913 1265055660
1839192223 1268110154
1845909857 1272361488
1847829181 1273648769
1848788843 1274353683
1853587153 1277324787
1860304787 1281548838
1862224111 1282817317
1866062759 1285262912
1874699717 1290530374
1876619041 1291796617
1879498027 1293592404
1880457689 1294280904
1882377013 1295533988
1885255999 1297299715
1886215661 1297979201
1891973633 1301487770
1893892957 1302713252
1903489577 1308498001
1914045859 1316157259
1919803831 1320760146
1920763493 1321610211
1922682817 1323171112
1925561803 1325426058
1928440789 1327734715
1929400451 1328565380
1932279437 1330904815
1942835719 1338936694
1943795381 1339756036
1946674367 1342079174
1954351663 1347898768
1957230649 1350169338
1962988621 1354487918
1963948283 1355320203
1966827269 1357602776
1972585241 1362059692
1980262537 1367906686
1981222199 1368734927
1983141523 1370239607
1986020509 1372467467
1992738143 1377501543
1994657467 1379049544
1995617129 1379834831
2004254087 1386361856
2015770031 1394972304
2020568341 1398611749
2023447327 1400825285
2024406989 1401638804
2029205299 1405247180
2030164961 1406025775
2034963271 1409576585
2035922933 1410377403
2040721243 1413982924
2043600229 1416170381
2044559891 1416978100
2049358201 1420571022
2050317863 1421363019
2055116173 1424967330
2057995159 1427211404
2061833807 1430044999
2076228737 1440482768
2081027047 1444038254
2081986709 1444851309
2086785019 1448416965
2090623667 1451213663
2093502653 1453402918
2098300963 1457023330
2106937921 1463323846
2109816907 1465447637
2115574879 1469681433
2121332851 1473939374
2122292513 1474757144
2130929471 1480942001
2133808457 1483108915
2135727781 1484554155
2138606767 1486717540
2141485753 1488895686
2150122711 1495109569
2151082373 1495904843
2155880683 1499454692
2162598317 1504282754
2165477303 1506437408
2167396627 1507878714
2168356289 1508661462
2170275613 1510080828
2181791557 1518320097
2182751219 1519111674
2188509191 1523240564
2191388177 1525353656
2199065473 1530948933
2202904121 1533791974
2205783107 1535985934
2208662093 1538078029
2217299051 1544305302
2224976347 1549822301
2225936009 1550583461
2227855333 1552011016
2230734319 1554141832
2231693981 1554923325
2234572967 1557011131
2237451953 1559153593
2242250263 1562593039
2245129249 1564742539
2250887221 1568884722
2256645193 1573046821
2265282151 1579258555
2266241813 1580041108
2269120799 1582101273
2271040123 1583532100
2279677081 1589717190
2283515729 1592460492
2295031673 1600669277
2296950997 1602081672
2297910659 1602832785
2299829983 1604285035
2302708969 1606343954
2303668631 1607085961
2309426603 1611143338
2311345927 1612547575
2318063561 1617315668
2332458491 1627294755
2337256801 1630660400
2340135787 1632811755
2345893759 1636956232
2352611393 1641649465
2355490379 1643726831
2360288689 1647190232
2366046661 1651211203
2367006323 1651964170
2368925647 1653356646
2371804633 1655489694
2375643281 1658199540
2378522267 1660267740
2383320577 1663640473
2384280239 1664391801
2386199563 1665804034
2392917197 1670518443
2395796183 1672585063
2398675169 1674677092
2400594493 1676071684
2403473479 1678120690
2404433141 1678890400
2409231451 1682147888
2410191113 1682905742
2417868409 1688201714
2423626381 1692201984
2427465029 1694920322
2436101987 1700911469
2438021311 1702310890
2440900297 1704323536
2446658269 1708367967
2447617931 1709132709
2450496917 1711165362
2453375903 1713271738
2456254889 1715265239
2469690157 1724329060
2472569143 1726397944
2479286777 1731043997
2481206101 1732405656
2485044749 1735060047
2489843059 1738335637
2493681707 1740944636
2499439679 1744898531
2508076637 1750668839
2509995961 1751991475
2510955623 1752740583
2512874947 1754060200
2524390891 1761749856
2530148863 1765615985
2533027849 1767592910
2533987511 1768316588
2541664807 1773435812
2544543793 1775465480
2547422779 1777665468
2554140413 1782715850
2558938723 1786260218
2565656357 1791180374
2567575681 1792605166
2581970611 1802958375
2584849597 1805150815
2587728583 1807283864
2590607569 1809442758
2594446217 1812228277
2597325203 1814297406
2599244527 1815791166
2600204189 1816536398
2605962161 1820656157
2608841147 1822776481
2610760471 1824219513
2611720133 1824972187
2614599119 1827104680
2625155401 1834647198
2628034387 1836754788
2628994049 1837538494
2630913373 1839002793
2639550331 1845170071
2640509993 1845939798
2642429317 1847386533
2648187289 1851450289
2649146951 1852195432
2652025937 1854345364
2653945261 1855757009
2666420867 1864622505
2669299853 1866715124
2672178839 1868858893
2674098163 1870284882
2677936811 1873046329
2682735121 1876532629
2698089713 1887501103
2705767009 1893018892
2706726671 1893775687
2709605657 1895840273
2711524981 1897277282
2712484643 1898034229
2714403967 1899494494
2715363629 1900250646
2720161939 1903660484
2726879573 1908398692
2729758559 1910502768
2731677883 1911948035
2735516531 1914631389
2740314841 1918105946
2743193827 1920206584
2752790447 1926973704
2754709771 1928339134
2755669433 1929072428
2758548419 1931129570
2772943349 1941295230
2774862673 1942687879
2778701321 1945451177
2783499631 1948841029
2786378617 1950966967
2789257603 1952992243
2793096251 1955775914
2795975237 1957766297
2801733209 1961882595
2803652533 1963271799
2806531519 1965261256
2807491181 1965980308
2810370167 1968055047
2812289491 1969438887
2815168477 1971478702
2816128139 1972209635
2820926449 1975536256
2821886111 1976268735
2829563407 1981468219
2832442393 1983515574
2842039013 1990246705
2843958337 1991702571
2849716309 1995736544
2856433943 2000453014
2869869211 2009730492
2872748197 2011845041
2882344817 2018906434
2884264141 2020403331
2892901099 2026655738
2896739747 2029456159
2899618733 2031610345
2901538057 2033107079
2904417043 2035282273
2911134677 2040083857
2914013663 2042202512
2916892649 2044361746
2921690959 2047877051
2922650621 2048609646
2927448931 2052135222
2933206903 2056252545
2937045551 2059014415
2941843861 2062528613
2942803523 2063276260
2947601833 2066764226
2951440481 2069531197
2957198453 2073705660
2961996763 2077173030
2973512707 2085354985
2974472369 2086119149
2976391693 2087540041
2980230341 2090259739
2983109327 2092283400
2985028651 2093735393
2988867299 2096548450
2997504257 2102867794
3002302567 2106296571
3005181553 2108460839
3008060539 2110603097
3009020201 2111356694
3011899187 2113531678
3016697497 2117045789
3022455469 2121254459
3023415131 2121991414
3028213441 2125437459
3031092427 2127560494
3033971413 2129637152
3036850399 2131735745
3040689047 2134581095
3043568033 2136799158
3048366343 2140246115
3051245329 2142307997
3052204991 2143058379
3055083977 2145192028
3057962963 2147322830
3060841949 2149515865
3065640259 2153069368
3069478907 2155840050
3080994851 2163990131
3083873837 2166066088
3094430119 2173611216
3095389781 2174362156
3104026739 2180547070
3105946063 2181976145
3109784711 2184650066
3114583021 2188134256
3128977951 2198420491
3132816599 2201203353
3141453557 2207332305
3143372881 2208734469
3144332543 2209484469
3149130853 2212884126
3152009839 2214979876
3152969501 2215729166
3155848487 2217767688
3157767811 2219155841
3166404769 2225206123
3170243417 2227945366
3176001389 2232141507
3184638347 2238190865
3192315643 2243667203
3195194629 2245761034
3196154291 2246495430
3201912263 2250503126
3204791249 2252607134
3209589559 2256010206
3210549221 2256774965
3215347531 2260155739
3216307193 2260930313
3219186179 2263038848
3223984489 2266465148
3230702123 2271120291
3232621447 2272543517
3244137391 2280710026
3245097053 2281470416
3252774349 2286927138
3253734011 2287666361
3258532321 2291057168
3259491983 2291829488
3264290293 2295194307
3273886913 2301973637
3275806237 2303402362
3276765899 2304152169
3278685223 2305519413
3282523871 2308260678
3290201167 2313533588
3293080153 2315607593
3295959139 2317717158
3296918801 2318455856
3302676773 2322486392
3310354069 2327865249
3314192717 2330520885
3316112041 2331919206
3318991027 2333972880
3333385957 2343925872
3334345619 2344668860
3339143929 2348007048
3340103591 2348732046
3342982577 2350735134
3344901901 2352106301
3347780887 2354178976
3350659873 2356275531
3354498521 2359021927
3357377507 2361100927
3359296831 2362523351
3365054803 2366462089
3367933789 2368492284
3371772437 2371246467
3377530409 2375265192
3379449733 2376646578
3386167367 2381385622
3391925339 2385557922
3396723649 2388949572
3408239593 2396863363
3411118579 2398872499
3416876551 2402969614
3419755537 2405041021
3420715199 2405757873
3431271481 2412973780
3435110129 2415734543
3443747087 2421662817
3448545397 2424987318
3451424383 2426949007
3458142017 2431625939
3460061341 2432968358
3461021003 2433694470
3463899989 2435765016
3468698299 2438982080
3472536947 2441697774
3475415933 2443731006
3477335257 2445138248
3480214243 2447123804
3494609173 2456983007
3501326807 2461690106
3506125117 2464997169
3507084779 2465720060
3512842751 2469714442
3517641061 2473049510
3518600723 2473782320
3526278019 2479117358
3527237681 2479839378
3535874639 2485833169
3547390583 2493622881
3556027541 2499537779
3558906527 2501584723
3566583823 2506897613
3575220781 2512800489
3578099767 2514884983
3579059429 2515628217
3587696387 2521571554
3589615711 2522976279
3592494697 2524986198
3593454359 2525718257
3598252669 2528995441
3602091317 2531664162
3606889627 2534947550
3609768613 2536973291
3612647599 2538974759
3616486247 2541682945
3618405571 2543060548
3621284557 2545066591
3622244219 2545782857
3627042529 2549081892
3628002191 2549787333
3633760163 2553654127
3635679487 2555008172
3638558473 2556980554
3641437459 2559022133
3642397121 2559747052
3648155093 2563677126
3650074417 2565080263
3656792051 2569651722
3665429009 2575495964
3667348333 2576906618
3670227319 2578901619
3679823939 2585319593
3681743263 2586638709
3685581911 2589264057
3688460897 2591215259
3690380221 2592528969
3694218869 2595097187
3696138193 2596506110
3702855827 2601028460
3705734813 2602964440
3707654137 2604351409
3714371771 2608747267
3720129743 2612602590
3722049067 2613977076
3723008729 2614689881
3737403659 2624321309
3739322983 2625633003
3750838927 2633218121
3753717913 2635217851
3756596899 2637136945
3762354871 2641044618
3768112843 2644849958
3774830477 2649376657
3777709463 2651317270
3779628787 2652642184
3780588449 2653339773
3782507773 2654662623
3791144731 2660280730
3794023717 2662208587
3799781689 2665943421
3803620337 2668407843
3806499323 2670320657
3808418647 2671750063
3814176619 2675610874
3815136281 2676339209
3820894253 2680546391
3835289183 2691398389
3842966479 2697177719
3843926141 2697941467
3846805127 2700180217
3857361409 2708000393
3864079043 2713060096
3866958029 2715227153
3871756339 2718852785
3877514311 2723123333
3880393297 2725239690
3881352959 2725997528
3883272283 2727442046
3887110931 2730316832
3891909241 2733886258
3894788227 2736080091
3897667213 2738282055
3909183157 2746687032
3915900791 2751664309
3918779777 2753794325
3920699101 2755235689
3924537749 2758032675
3930295721 2762289245
3938932679 2768736473
3943730989 2772168651
3944690651 2772911184
3949488961 2776488542
3950448623 2777246817
3952367947 2778621684
3955246933 2780758344
3964843553 2787774448
3967722539 2789928534
3969641863 2791343968
3976359497 2796233320
3978278821 2797655788
3979238483 2798410635
3981157807 2799820140
3987875441 2804691908
3990754427 2806833902
3996512399 2810966581
4008028343 2819291547
4012826653 2822814308
4015705639 2824888060
4019544287 2827689869
4024342597 2831153796
4025302259 2831880047
4039697189 2842241203
4041616513 2843718052
4044495499 2845810930
4045455161 2846533843
4051213133 2850742317
4053132457 2852184128
4059850091 2856977446
4062729077 2859102488
4079043331 2870628945
4084801303 2874817175
4088639951 2877565082
4091518937 2879673299
4096317247 2883113952
4097276909 2883893311
4099196233 2885322401
4108792853 2892137979
4113591163 2895645112
4117429811 2898441670
4125107107 2903933846
4126066769 2904706434
4130865079 2908053288
4137582713 2912716681
4139502037 2914066521
4140461699 2914827429
4146219671 2918853443
4149098657 2920951322
4156775953 2926425409
4159654939 2928449060
4163493587 2931189265
4165412911 2932666727
4169251559 2935397797
4171170883 2936829955
4174049869 2938877020
4177888517 2941543499
4180767503 2943656723
4183646489 2945846255
4189404461 2949918454
4192283447 2952026771
4194202771 2953444241
4197081757 2955632578
4199960743 2957815367
4203799391 2960598009
4212436349 2966697091
4214355673 2968234658
4223952293 2975054215
4225871617 2976428246
4231629589 2980680093
4232589251 2981411315
4237387561 2984839151
4240266547 2986942966
4241226209 2987690837
4246024519 2991132016
4251782491 2995184860
4252742153 2995930316
4254661477 2997360050
4264258097 3004263205
4267137083 3006412407
4281532013 3016787021
4284410999 3018884156
4286330323 3020277508
4290168971 3023028451
4294967281 3026494326
