2055992 1510249
4111984 3125255
6167976 5037125
10279960 8310147
14391944 11713905
22615912 18414704
26727896 21831212
34951864 28461789
39063848 31693658
47287816 38481276
59623768 48038116
63735752 51641853
76071704 61754607
84295672 68483772
88407656 71791580
96631624 78329858
108967576 87986308
121303528 97029290
125415512 100776570
137751464 111296589
145975432 118249718
150087416 121603091
162423368 131516491
170647336 138400465
182983288 148178144
199431224 161053479
207655192 167247766
211767176 170339413
219991144 176317687
224103128 179160730
232327096 184538996
261110984 208709606
269334952 215657608
281670904 225524759
285782888 229042502
306342808 246776824
310454792 250164635
322790744 260183728
335126696 270550675
343350664 277267627
355686616 286859176
368022568 296546769
372134552 299782911
392694472 315760774
396806456 318975592
405030424 325227538
409142408 328275299
433814312 345832932
458486216 361640768
466710184 366498903
470822168 368787688
479046136 373017425
491382088 385361688
495494072 389374437
516053992 408020733
528389944 418674543
540725896 428753182
553061848 438400961
557173832 441550787
569509784 451220594
577733752 459139890
581845736 463071287
602405656 481637325
631189544 506484540
639413512 513278987
643525496 516810138
651749464 523822219
680533352 547838682
692869304 557751901
713429224 573701282
717541208 576841843
725765176 583583078
738101128 593492172
754549064 606166828
766885016 616228994
779220968 626325819
787444936 633002894
799780888 642737556
816228824 655382008
824452792 661514774
840900728 673765530
861460648 688936473
865572632 691921529
886132552 706451363
890244536 709332301
902580488 717557006
910804456 723012015
923140408 731100629
939588344 741292561
947812312 746127497
951924296 748479811
960148264 753970261
984820168 776450535
1001268104 790731618
1009492072 797702174
1025940008 811356226
1034163976 818170306
1046499928 828031545
1071171832 846903624
1075283816 850016973
1112291672 876351911
1124627624 884627191
1145187544 901967507
1157523496 914139685
1169859448 926007312
1173971432 929938489
1186307384 941267330
1206867304 960221347
1219203256 971431949
1231539208 982587419
1235651192 986333659
1247987144 997080598
1260323096 1007725703
1268547064 1014852120
1272659048 1018419919
1297330952 1039340866
1317890872 1056865472
1322002856 1060385835
1330226824 1067318926
1342562776 1077645139
1354898728 1087729215
1359010712 1091201635
1383682616 1111083083
1391906584 1117700168
1404242536 1127411538
1420690472 1140128507
1441250392 1156424373
1457698328 1170299454
1478258248 1187255673
1494706184 1200497029
1507042136 1210235064
1519378088 1220256394
1527602056 1227246559
1544049992 1240856759
1556385944 1250946827
1564609912 1257670026
1581057848 1270999925
1589281816 1277631083
1618065704 1300189722
1638625624 1316140473
1663297528 1334780238
1667409512 1337880404
1687969432 1353226950
1692081416 1356304025
1700305384 1362400387
1704417368 1365661339
1724977288 1381622399
1753761176 1403259692
1761985144 1409324607
1766097128 1412361318
1774321096 1418304256
1803104984 1438838552
1811328952 1444595027
1815440936 1447464212
1823664904 1453344138
1864784744 1481393470
1873008712 1486834058
1889456648 1497373540
1910016568 1510225080
1926464504 1522959623
1934688472 1530021363
1947024424 1540412278
1959360376 1550668698
1988144264 1574082386
1996368232 1580681055
2008704184 1590411432
2021040136 1600099694
2037488072 1612733118
2049824024 1622191442
2074495928 1640638288
2082719896 1646705444
2095055848 1655713993
2099167832 1658691431
2119727752 1673241757
2123839736 1676126709
2136175688 1684654073
2156735608 1698568212
2160847592 1701348975
2181407512 1714949100
2185519496 1717617897
2197855448 1725480712
2234863304 1747949439
2243087272 1752712847
2247199256 1755053460
2255423224 1759650556
2267759176 1766332043
2280095128 1779349987
2296543064 1796203933
2308879016 1808794940
2321214968 1821226245
2366446792 1864806687
2370558776 1868637024
2391118696 1887795945
2407566632 1903700395
2428126552 1923303082
2440462504 1934776510
2452798456 1946357094
2469246392 1961648305
2493918296 1983909436
2502142264 1991256270
2514478216 2002368953
2526814168 2013318404
2530926152 2017073194
2543262104 2027977070
2567934008 2049427854
2588493928 2067304894
2625501784 2099222511
2629613768 2102842206
2637837736 2109915812
2650173688 2120470045
2654285672 2124065450
2666621624 2134713985
2674845592 2141654025
2678957576 2145169965
2687181544 2152184594
2711853448 2172760740
2715965432 2176247739
2728301384 2186591150
2798205112 2243879902
2810541064 2253706835
2822877016 2263535986
2839324952 2276586868
2876332808 2306465446
2896892728 2323999806
2925676616 2348585731
2933900584 2355424357
2938012568 2358898094
2946236536 2365695714
2958572488 2376052190
2975020424 2389361675
2983244392 2396065556
2987356376 2399457206
2999692328 2409453519
3024364232 2429284198
3044924152 2446565865
3049036136 2450122300
3057260104 2457079132
3061372088 2460522550
3069596056 2467384338
3081932008 2477399604
3106603912 2497639969
3131275816 2518010250
3147723752 2531421471
3172395656 2551414920
3184731608 2561402451
3192955576 2567979575
3205291528 2577848356
3221739464 2590998143
3229963432 2597593066
3246411368 2610500017
3254635336 2617015653
3283419224 2639517181
3291643192 2645796222
3303979144 2655335006
3308091128 2658519137
3316315096 2664829882
3328651048 2674169291
3332763032 2677317018
3345098984 2686674993
3365658904 2702371195
3406778744 2734047832
3419114696 2744121814
3427338664 2750968318
3431450648 2754300233
3480794456 2793834002
3489018424 2800384919
3493130408 2803637550
3513690328 2819708875
3538362232 2838907294
3542474216 2842045514
3563034136 2857856672
3579482072 2870383167
3591818024 2879677635
3604153976 2888975899
3616489928 2898281251
3653497784 2925872103
3665833736 2935115427
3674057704 2941127060
3678169688 2944107116
3702841592 2962291536
3723401512 2977298647
3748073416 2995081369
3764521352 3006748433
3797417224 3029786434
3826201112 3049754248
3838537064 3059159682
3846761032 3066028454
3850873016 3069476141
3859096984 3076340969
3863208968 3079816263
3883768888 3096654135
3908440792 3116791394
3920776744 3126781108
3933112696 3136712575
3970120552 3166076738
3974232536 3169446967
4007128408 3195481382
4011240392 3198753693
4056472216 3233938390
4068808168 3243437061
4085256104 3256127624
4097592056 3265587435
4105816024 3271862144
4109928008 3274977258
4118151976 3281128259
4134599912 3293602349
4146935864 3302733729
4167495784 3318090875
4171607768 3321250421
4192167688 3336285845
4220951576 3357233027
4241511496 3371990694
4253847448 3380768675
4278519352 3398202706
4282631336 3401176597
4290855304 3406919437
4294967288 3409782290
