40000000 35156996
80000000 70467714
120000000 109098479
200000000 176870523
280000000 254774108
440000000 399706333
520000000 469024461
680000000 616169450
760000000 686778143
920000000 834966818
1160000000 1053163395
1240000000 1113620755
1480000000 1342599685
1640000000 1478344815
1720000000 1560992822
1880000000 1704005511
2120000000 1921066151
2360000000 2140536300
2440000000 2202184710
2680000000 2428855983
2840000000 2581941012
2920000000 2652694888
3160000000 2839620091
3320000000 3004571647
3560000000 3236737404
3880000000 3503017474
4040000000 3633456383
4120000000 3721218194
4280000000 3885406518
