20000000 17445194
40000000 35072178
60000000 54335133
100000000 88025237
140000000 126894853
220000000 199092403
260000000 233660014
340000000 306927527
380000000 342027248
460000000 415900449
580000000 524586995
620000000 554585392
740000000 668772399
820000000 736541860
860000000 777644932
940000000 848763819
1060000000 957190948
1180000000 1066273489
1220000000 1096943051
1340000000 1210156647
1420000000 1286311025
1460000000 1321491924
1580000000 1414497297
1660000000 1496857999
1780000000 1612504614
1940000000 1744934295
2020000000 1810379388
2060000000 1854904846
2140000000 1936144303
2180000000 1936144303
2260000000 1936144303
2540000000 1936144303
2620000000 1936144303
2740000000 1936144303
2780000000 1936144303
2980000000 1936144303
3020000000 1936144303
3140000000 1936144303
3260000000 1936144303
3340000000 1936144303
3460000000 1936144303
3580000000 1936144303
3620000000 1936144303
3820000000 1936144303
3860000000 1936144303
3940000000 1936144303
3980000000 1936144303
4220000000 1936144303
