1
4
8
9
16
18
25
27
32
36
49
50
54
64
72
75
81
90
96
98
100
105
108
120
121
125
126
128
135
140
143
144
147
150
154
160
162
165
168
169
175
180
182
187
189
192
195
196
198
200
209
210
216
220
221
224
225
231
234
238
240
242
243
245
247
250
252
253
255
256
260
264
266
270
273
275
280
285
286
288
289
294
297
299
300
306
308
312
315
319
320
322
323
324
325
330
336
338
340
341
342
343
345
350
351
352
357
360
361
363
364
374
375
377
378
380
384
385
390
391
392
396
399
400
403
405
406
407
408
414
416
418
420
425
429
432
434
435
437
440
441
442
448
450
451
455
456
459
460
462
465
468
473
475
476
480
481
483
484
486
490
493
494
495
500
504
506
507
510
512
513
517
518
520
522
525
527
528
529
532
533
539
540
544
546
550
551
552
555
558
559
560
561
567
570
572
574
575
576
578
580
583
585
588
589
594
595
598
600
602
605
608
609
611
612
615
616
620
621
624
625
627
629
630
637
638
640
644
645
646
648
649
650
651
658
660
663
665
666
667
671
672
675
676
680
682
684
686
689
690
693
696
697
700
702
703
704
705
713
714
715
720
722
725
726
728
729
731
735
736
737
738
740
741
742
744
748
750
754
756
759
760
765
767
768
770
774
775
777
779
780
781
782
783
784
792
793
795
798
799
800
803
805
806
810
812
814
816
817
819
820
825
826
828
832
833
836
837
840
841
845
846
847
850
851
854
855
858
860
861
864
867
868
869
870
871
874
875
880
882
884
885
888
891
893
896
897
899
900
901
902
903
910
912
913
915
918
920
923
924
925
928
930
931
935
936
938
940
943
945
946
949
950
952
954
957
960
961
962
966
968
969
972
975
979
980
984
986
987
988
989
990
992
994
999
1000
1001
1003
1005
1007
1008
1012
1014
1015
1020
1022
1023
1024
1025
1026
1027
1029
1032
1034
1035
1036
1037
1040
1044
1045
1050
1053
1054
1056
1058
1060
1064
1065
1066
1067
1071
1073
1075
1078
1079
1080
1081
1083
1085
1088
1089
1092
1095
1100
1102
1104
1105
1106
1107
1110
1111
1113
1116
1118
1120
1121
1122
1125
1127
1128
1131
1133
1134
1139
1140
1144
1147
1148
1150
1152
1155
1156
1157
1159
1160
1161
1162
1166
1170
1173
1175
1176
1177
1178
1180
1183
1184
1188
1189
1190
1196
1197
1199
1200
1204
1207
1209
1210
1215
1216
1218
1219
1220
1221
1222
1224
1225
1230
1232
1235
1239
1240
1241
1242
1243
1246
1247
1248
1250
1254
1258
1260
1261
1265
1269
1271
1272
1273
1274
1275
1276
1280
1281
1287
1288
1290
1292
1295
1296
1298
1300
1302
1305
1309
1311
1312
1313
1316
1320
1323
1325
1326
1330
1331
1332
1333
1334
1339
1340
1342
1343
1344
1349
1350
1352
1353
1357
1358
1360
1363
1364
1365
1368
1369
1372
1375
1376
1377
1378
1380
1386
1387
1391
1392
1394
1395
1400
1403
1404
1406
1407
1408
1410
1411
1416
1417
1419
1420
1421
1425
1426
1428
1430
1431
1435
1440
1443
1444
1445
1449
1450
1452
1456
1457
1458
1460
1462
1463
1464
1469
1470
1472
1474
1475
1476
1479
1480
1482
1484
1485
1488
1491
1495
1496
1500
1501
1504
1505
1508
1512
1513
1517
1518
1519
1520
1521
1525
1530
1533
1534
1536
1537
1539
1540
1541
1547
1548
1550
1551
1554
1558
1560
1562
1564
1566
1568
1573
1575
1577
1580
1581
1584
1586
1587
1590
1591
1593
1595
1596
1598
1599
1600
1606
1608
1610
1612
1615
1617
1620
1624
1625
1628
1632
1633
1634
1638
1640
1643
1645
1647
1649
1650
1651
1652
1653
1656
1659
1660
1664
1665
1666
1672
1674
1675
1677
1679
1680
1681
1682
1683
1690
1691
1692
1694
1696
1700
1701
1702
1703
1704
1705
1708
1710
1711
1715
1716
1717
1720
1722
1725
1728
1729
1734
1736
1738
1739
1740
1742
1743
1748
1749
1750
1751
1755
1760
1763
1764
1767
1768
1769
1770
1771
1775
1776
1780
1781
1782
1785
1786
1792
1794
1798
1800
1802
1804
1805
1806
1807
1809
1813
1815
1817
1819
1820
1824
1825
1826
1827
1829
1830
1833
1836
1840
1843
1845
1846
1848
1849
1850
1853
1855
1856
1859
1860
1862
1863
1869
1870
1872
1875
1876
1880
1881
1885
1886
1887
1888
1890
1891
1892
1898
1900
1904
1908
1909
1911
1914
1917
1919
1920
1921
1922
1924
1925
1927
1932
1935
1936
1937
1938
1940
1943
1944
1947
1950
1952
1953
1955
1957
1958
1960
1961
1963
1968
1971
1972
1974
1975
1976
1978
1980
1984
1988
1989
1995
1998
2000
2001
2002
2006
2009
2010
2013
2014
2015
2016
2021
2023
2024
2025
2028
2030
2033
2035
2037
2040
2041
2044
2046
2047
2048
2050
2052
2054
2057
2058
2059
2064
2065
2067
2068
2070
2071
2072
2074
2075
2077
2079
2080
2088
2090
2091
2093
2100
2106
2107
2108
2109
2112
2115
2116
2117
2119
2120
2121
2124
2125
2128
2130
2132
2133
2134
2135
2139
2142
2145
2146
2147
2150
2156
2158
2159
2160
2162
2163
2166
2170
2171
2173
2175
2176
2178
2183
2184
2185
2187
2190
2193
2196
2197
2200
2201
2204
2205
2208
2209
2210
2211
2212
2214
2220
2222
2223
2225
2226
2227
2231
2232
2233
2236
2240
2242
2244
2247
2250
2254
2255
2256
2257
2261
2262
2263
2266
2268
2275
2277
2278
2279
2280
2288
2289
2291
2294
2295
2296
2299
2300
2301
2303
2304
2310
2312
2314
2318
2320
2322
2323
2324
2325
2329
2331
2332
2337
2340
2343
2345
2346
2349
2350
2352
2354
2356
2360
2363
2365
2366
2368
2369
2370
2373
2375
2376
2378
2379
2380
2385
2387
2392
2394
2397
2398
2400
2401
2405
2407
2408
2409
2412
2413
2414
2415
2418
2419
2420
2425
2430
2431
2432
2436
2438
2440
2442
2444
2448
2449
2450
2451
2457
2460
2461
2464
2465
2470
2475
2478
2479
2480
2482
2484
2485
2486
2489
2490
2491
2492
2494
2496
2499
2500
2501
2507
2508
2511
2516
2520
2522
2523
2525
2527
2530
2533
2535
2537
2538
2541
2542
2544
2546
2548
2550
2552
2553
2555
2556
2560
2562
2565
2567
2573
2574
2575
2576
2580
2581
2583
2584
2585
2590
2592
2596
2597
2599
2600
2601
2603
2604
2607
2610
2613
2618
2622
2623
2624
2625
2626
2627
2628
2632
2635
2639
2640
2641
2645
2646
2650
2652
2655
2660
2662
2664
2665
2666
2667
2668
2669
2670
2673
2675
2678
2679
2680
2684
2686
2688
2691
2695
2697
2698
2700
2701
2703
2704
2706
2709
2714
2716
2717
2720
2725
2726
2728
2730
2736
2737
2738
2739
2744
2745
2747
2750
2751
2752
2754
2755
2756
2759
2760
2765
2769
2771
2772
2773
2774
2775
2782
2783
2784
2788
2790
2793
2794
2795
2800
2805
2806
2808
2809
2812
2813
2814
2816
2820
2821
2822
2825
2828
2829
2831
2832
2834
2835
2838
2839
2840
2842
2844
2847
2849
2850
2852
2856
2860
2862
2867
2869
2870
2871
2873
2875
2877
2880
2881
2882
2883
2884
2886
2888
2890
2891
2898
2900
2904
2905
2907
2910
2911
2912
2914
2915
2916
2919
2920
2921
2923
2924
2925
2926
2928
2929
2937
2938
2940
2941
2944
2945
2948
2950
2952
2958
2960
2961
2964
2967
2968
2970
2975
2976
2982
2983
2987
2988
2989
2990
2992
2993
2996
2997
3000
3002
3003
3007
3008
3009
3010
3013
3014
3015
3016
3021
3024
3025
3026
3030
3034
3036
3038
3040
3042
3043
3045
3050
3052
3053
3055
3058
3059
3060
3066
3068
3069
3071
3072
3074
3075
3077
3078
3080
3081
3082
3087
3090
3094
3096
3097
3100
3102
3103
3105
3108
3111
3115
3116
3120
3124
3125
3127
3128
3131
3132
3135
3136
3139
3145
3146
3149
3150
3151
3154
3157
3159
3160
3161
3162
3164
3168
3172
3173
3174
3179
3180
3182
3185
3186
3190
3192
3193
3195
3196
3197
3198
3200
3201
3204
3210
3211
3212
3213
3216
3219
3220
3224
3225
3230
3233
3234
3237
3239
3240
3243
3245
3247
3248
3249
3250
3255
3256
3264
3266
3267
3268
3270
3276
3277
3278
3280
3281
3283
3285
3286
3287
3289
3290
3293
3294
3298
3300
3302
3304
3306
3311
3312
3315
3317
3318
3320
3321
3322
3325
3328
3330
3332
3333
3335
3337
3339
3344
3348
3349
3350
3354
3355
3358
3360
3362
3363
3364
3366
3367
3375
3379
3380
3381
3382
3383
3384
3388
3390
3392
3393
3395
3397
3399
3400
3401
3402
3403
3404
3406
3408
3410
3416
3417
3420
3422
3427
3430
3431
3432
3434
3439
3440
3441
3444
3445
3450
3451
3454
3456
3458
3465
3468
3471
3472
3473
3476
3477
3478
3479
3480
3481
3483
3484
3485
3486
3492
3496
3498
3500
3502
3503
3504
3509
3510
3515
3519
3520
3525
3526
3528
3531
3534
3535
3536
3538
3540
3542
3549
3550
3551
3552
3553
3555
3556
3560
3562
3564
3565
3567
3569
3570
3572
3575
3577
3584
3586
3587
3588
3589
3591
3596
3597
3599
3600
3604
3605
3608
3610
3611
3612
3614
3618
3619
3621
3625
3626
3627
3629
3630
3634
3636
3638
3640
3645
3648
3649
3650
3652
3654
3655
3657
3658
3660
3663
3666
3667
3668
3672
3674
3675
3680
3683
3685
3686
3689
3690
3692
3696
3698
3700
3703
3705
3706
3708
3710
3712
3713
3717
3718
3720
3721
3723
3724
3726
3729
3731
3735
3737
3738
3740
3741
3743
3744
3745
3749
3750
3751
3752
3757
3760
3762
3763
3770
3772
3773
3774
3776
3780
3781
3782
3783
3784
3791
3792
3795
3796
3799
3800
3806
3807
3808
3810
3811
3813
3815
3816
3818
3819
3822
3825
3827
3828
3834
3835
3836
3838
3840
3841
3842
3843
3844
3848
3850
3852
3854
3857
3859
3861
3864
3869
3870
3871
3872
3874
3875
3876
3880
3885
3886
3887
3888
3892
3893
3894
3895
3900
3901
3904
3905
3906
3910
3913
3914
3915
3916
3920
3922
3926
3927
3930
3933
3936
3937
3938
3939
3942
3944
3948
3950
3952
3953
3955
3956
3959
3960
3961
3965
3968
3969
3971
3973
3975
3976
3977
3978
3979
3982
3984
3990
3993
3995
3996
3999
4000
4002
4004
4005
4009
4012
4015
4017
4018
4020
4025
4026
4028
4029
4030
4031
4032
4033
4040
4042
4046
4047
4048
4050
4056
4059
4060
4061
4063
4066
4067
4070
4071
4074
4080
4081
4082
4085
4087
4088
4089
4092
4094
4095
4096
4097
4100
4104
4107
4108
4110
4114
4116
4117
4118
4120
4123
4125
4128
4130
4131
4134
4136
4140
4141
4142
4144
4147
4148
4150
4154
4158
4160
4161
4163
4165
4170
4171
4172
4173
4176
4180
4181
4182
4183
4185
4186
4187
4189
4191
4199
4200
4202
4205
4209
4212
4214
4216
4218
4221
4223
4224
4225
4228
4230
4232
4233
4234
4235
4237
4238
4240
4242
4246
4247
4248
4250
4251
4255
4256
4257
4260
4263
4264
4266
4267
4268
4270
4272
4275
4277
4278
4280
4284
4288
4290
4292
4293
4294
4300
4301
4305
4307
4309
4312
4313
4316
4318
4320
4321
4323
4324
4326
4329
4331
4332
4334
4335
4340
4342
4343
4345
4346
4347
4350
4351
4352
4355
4356
4360
4361
4365
4366
4368
4369
4370
4371
4374
4375
4378
4379
4380
4386
4387
4389
4392
4393
4394
4396
4399
4400
4402
4403
4407
4408
4410
4416
4418
4420
4422
4424
4425
4427
4428
4429
4433
4437
4439
4440
4444
4445
4446
4450
4452
4453
4454
4455
4459
4462
4464
4465
4466
4469
4470
4471
4472
4473
4477
4480
4482
4484
4485
4488
4489
4494
4495
4498
4500
4503
4505
4508
4510
4512
4514
4515
4520
4521
4522
4524
4526
4531
4532
4536
4539
4541
4543
4544
4545
4550
4551
4553
4554
4556
4557
4558
4559
4560
4563
4564
4565
4573
4575
4576
4577
4578
4579
4582
4585
4587
4588
4590
4592
4598
4599
4600
4601
4602
4606
4607
4608
4611
4615
4617
4619
4620
4623
4624
4625
4628
4633
4635
4636
4640
4641
4642
4644
4646
4648
4650
4653
4654
4655
4656
4658
4661
4662
4664
4669
4672
4674
4675
4676
4680
4681
4686
4687
4690
4692
4693
4697
4698
4699
4700
4704
4706
4708
4709
4712
4715
4717
4719
4720
4725
4726
4727
4730
4731
4732
4736
4738
4740
4743
4745
4746
4747
4750
4752
4753
4756
4757
4758
4760
4761
4769
4770
4773
4774
4777
4779
4784
4785
4788
4794
4795
4796
4797
4800
4802
4805
4806
4807
4810
4811
4814
4815
4816
4818
4819
4823
4824
4826
4828
4830
4836
4838
4840
4841
4843
4844
4845
4847
4848
4850
4851
4853
4859
4860
4862
4864
4865
4867
4872
4875
4876
4879
4880
4883
4884
4888
4891
4895
4896
4897
4898
4899
4900
4901
4902
4905
4906
4913
4914
4917
4920
4921
4922
4928
4929
4930
4935
4940
4941
4944
4945
4947
4949
4950
4953
4956
4958
4959
4960
4961
4964
4966
4968
4970
4972
4977
4978
4980
4982
4983
4984
4988
4991
4992
4994
4995
4997
4998
5000
5002
5005
5012
5014
5015
5016
5017
5018
5022
5025
5029
5031
5032
5035
5037
5038
5040
5041
5043
5044
5046
5047
5049
5050
5053
5054
5056
5060
5063
5066
5068
5069
5070
5073
5074
5075
5076
5080
5082
5083
5084
5085
5088
5092
5096
5100
5103
5104
5106
5109
5110
5111
5112
5115
5117
5120
5122
5123
5124
5125
5126
5129
5130
5133
5134
5135
5136
5141
5143
5145
5146
5148
5149
5150
5151
5152
5159
5160
5162
5166
5168
5170
5174
5175
5177
5180
5181
5183
5184
5185
5187
5191
5192
5194
5198
5200
5202
5203
5206
5207
5208
5214
5215
5217
5220
5221
5225
5226
5229
5232
5236
5238
5239
5240
5243
5244
5246
5247
5248
5249
5250
5251
5252
5253
5254
5256
5258
5263
5264
5265
5267
5270
5278
5280
5282
5285
5289
5290
5291
5292
5293
5300
5301
5302
5304
5307
5310
5311
5312
5313
5320
5324
5325
5328
5329
5330
5332
5334
5335
5336
5338
5339
5340
5341
5343
5346
5348
5350
5353
5355
5356
5358
5359
5360
5363
5365
5368
5369
5371
5372
5375
5376
5377
5379
5382
5390
5394
5395
5396
5400
5402
5404
5405
5406
5408
5412
5415
5418
5421
5423
5424
5425
5427
5428
5429
5432
5434
5439
5440
5445
5450
5451
5452
5453
5454
5456
5457
5459
5460
5461
5467
5472
5474
5475
5476
5478
5480
5481
5486
5487
5488
5490
5491
5494
5495
5497
5499
5500
5502
5504
5508
5510
5511
5512
5513
5518
5520
5525
5529
5530
5535
5537
5538
5539
5542
5543
5544
5546
5547
5548
5549
5550
5551
5555
5559
5560
5561
5562
5564
5565
5566
5567
5568
5576
5577
5580
5586
5587
5588
5589
5590
5593
5597
5600
5605
5607
5609
5610
5611
5612
5616
5617
5618
5621
5624
5625
5626
5628
5632
5633
5635
5640
5642
5643
5644
5650
5655
5656
5658
5661
5662
5664
5665
5668
5670
5671
5673
5676
5678
5680
5681
5684
5687
5688
5694
5695
5696
5698
5699
5700
5704
5705
5709
5712
5713
5715
5719
5720
5723
5724
5727
5733
5734
5735
5738
5740
5742
5746
5750
5751
5754
5757
5760
5762
5763
5764
5766
5767
5768
5771
5772
5773
5775
5776
5777
5778
5780
5781
5782
5785
5795
5796
5797
5798
5800
5805
5808
5809
5810
5811
5814
5819
5820
5822
5824
5828
5829
5830
5831
5832
5833
5838
5840
5841
5842
5845
5846
5848
5850
5852
5856
5858
5859
5863
5865
5871
5874
5875
5876
5880
5882
5883
5885
5886
5887
5888
5889
5890
5891
5893
5895
5896
5900
5902
5904
5907
5909
5911
5913
5915
5916
5917
5920
5921
5922
5925
5928
5929
5934
5936
5940
5945
5947
5950
5952
5954
5957
5959
5960
5963
5964
5966
5967
5969
5973
5974
5976
5977
5978
5980
5983
5984
5985
5986
5989
5992
5994
5995
6000
6003
6004
6006
6014
6016
6018
6020
6023
6026
6027
6028
6030
6031
6032
6035
6039
6040
6042
6045
6048
6049
6050
6052
6055
6058
6059
6060
6061
6063
6068
6069
6072
6075
6076
6077
6080
6083
6084
6086
6090
6095
6096
6097
6099
6100
6102
6104
6105
6106
6107
6109
6110
6111
6116
6118
6119
6120
6123
6125
6132
6136
6137
6138
6141
6142
6144
6148
6149
6150
6154
6156
6157
6160
6161
6162
6164
6165
6169
6171
6174
6175
6177
6179
6180
6187
6188
6191
6192
6194
6195
6200
6201
6204
6205
6206
6208
6210
6213
6214
6215
6216
6222
6223
6225
6230
6231
6232
6233
6235
6237
6240
6241
6248
6250
6251
6253
6254
6255
6256
6258
6262
6264
6265
6266
6270
6272
6273
6278
6279
6280
6283
6288
6289
6290
6292
6293
6298
6300
6302
6303
6305
6307
6308
6313
6314
6318
6319
6320
6321
6322
6324
6325
6327
6328
6335
6336
6342
6344
6345
6346
6348
6350
6351
6355
6357
6358
6360
6363
6364
6365
6369
6370
6371
6372
6375
6380
6384
6386
6390
6391
6392
6394
6396
6399
6400
6401
6402
6403
6405
6407
6408
6409
6413
6417
6419
6420
6422
6424
6426
6431
6432
6435
6437
6438
6439
6440
6441
6448
6450
6460
6461
6463
6464
6466
6467
6468
6474
6475
6477
6478
6479
6480
6486
6489
6490
6493
6494
6496
6497
6498
6499
6500
6501
6509
6510
6512
6513
6517
6519
6520
6525
6526
6527
6528
6532
6533
6534
6536
6540
6541
6545
6549
6550
6552
6554
6555
6556
6557
6560
6561
6562
6565
6566
6567
6570
6572
6574
6576
6578
6579
6580
6583
6586
6588
6591
6592
6593
6594
6596
6600
6601
6603
6604
6608
6612
6615
6622
6623
6624
6625
6627
6630
6631
6633
6634
6636
6640
6641
6642
6643
6644
6647
6649
6650
6655
6656
6660
6664
6665
6666
6667
6669
6670
6672
6674
6675
6678
6680
6681
6682
6683
6685
6688
6693
6695
6696
6697
6698
6699
6700
6705
6707
6708
6710
6713
6715
6716
6720
6721
6723
6724
6726
6727
6728
6731
6732
6734
6739
6741
6745
6747
6750
6751
6755
6757
6758
6760
6762
6764
6765
6766
6767
6768
6771
6776
6780
6783
6784
6785
6786
6789
6790
6794
6795
6798
6800
6802
6804
6806
6808
6811
6812
6815
6816
6820
6821
6825
6831
6832
6834
6837
6838
6840
6844
6845
6846
6847
6848
6850
6851
6853
6854
6858
6859
6860
6862
6864
6867
6868
6873
6875
6877
6878
6880
6882
6885
6887
6888
6889
6890
6893
6895
6897
6900
6901
6902
6903
6908
6909
6912
6913
6916
6919
6920
6923
6929
6930
6931
6935
6936
6942
6943
6944
6946
6950
6952
6954
6955
6956
6958
6960
6962
6963
6965
6966
6968
6969
6970
6972
6975
6976
6981
6984
6985
6987
6989
6992
6993
6994
6996
7000
7003
7004
7006
7007
7008
7009
7011
7014
7015
7018
7020
7021
7029
7030
7031
7035
7037
7038
7040
7046
7047
7049
7050
7052
7055
7056
7059
7061
7062
7065
7067
7068
7070
7072
7074
7076
7080
7081
7084
7085
7089
7093
7095
7097
7098
7099
7100
7102
7104
7105
7106
7107
7110
7112
7119
7120
7124
7125
7128
7130
7134
7137
7138
7139
7140
7141
7144
7150
7153
7154
7155
7160
7161
7163
7168
7169
7171
7172
7174
7175
7176
7178
7181
7182
7189
7191
7192
7194
7198
7199
7200
7202
7203
7205
7208
7209
7210
7215
7216
7220
7221
7222
7223
7224
7225
7227
7228
7232
7236
7238
7239
7240
7242
7245
7250
7252
7254
7257
7258
7259
7260
7261
7266
7267
7268
7272
7275
7276
7279
7280
7285
7289
7290
7291
7293
7296
7298
7300
7301
7303
7304
7306
7308
7310
7313
7314
7315
7316
7320
7326
7332
7334
7335
7336
7337
7339
7344
7345
7347
7348
7350
7353
7358
7359
7360
7363
7366
7367
7370
7371
7372
7373
7375
7378
7379
7380
7381
7383
7384
7385
7387
7392
7395
7396
7398
7399
7400
7406
7409
7410
7412
7416
7420
7421
7424
7425
7426
7429
7434
7436
7437
7439
7440
7442
7446
7448
7449
7450
7452
7453
7455
7458
7462
7467
7469
7470
7471
7473
7474
7475
7476
7480
7482
7486
7488
7490
7491
7493
7497
7498
7500
7502
7503
7504
7505
7506
7511
7514
7515
7518
7519
7520
7521
7524
7525
7526
7527
7533
7535
7540
7544
7546
7548
7550
7552
7553
7557
7560
7562
7564
7565
7566
7567
7568
7569
7571
7575
7579
7581
7582
7584
7585
7590
7592
7595
7597
7598
7599
7600
7602
7605
7611
7612
7613
7614
7616
7618
7620
7622
7623
7625
7626
7627
7630
7632
7636
7638
7640
7644
7645
7650
7654
7656
7657
7659
7661
7663
7665
7667
7668
7670
7672
7676
7680
7682
7683
7684
7685
7686
7688
7689
7693
7695
7696
7697
7700
7701
7704
7705
7708
7714
7718
7719
7720
7722
7725
7728
7729
7733
7735
7738
7739
7740
7742
7743
7744
7747
7748
7749
7750
7751
7752
7755
7760
7761
7770
7772
7774
7776
7777
7781
7783
7784
7785
7786
7788
7790
7791
7797
7800
7801
7802
7803
7805
7807
7808
7809
7810
7811
7812
7820
7821
7826
7828
7830
7831
7832
7839
7840
7843
7844
7847
7848
7849
7850
7852
7854
7857
7859
7860
7865
7866
7869
7872
7874
7875
7876
7878
7880
7881
7884
7885
7887
7888
7889
7896
7897
7900
7904
7905
7906
7910
7912
7913
7917
7918
7920
7921
7922
7923
7930
7931
7935
7936
7938
7942
7943
7945
7946
7950
7952
7953
7954
7955
7956
7957
7958
7960
7964
7965
7967
7968
7973
7975
7979
7980
7981
7982
7986
7987
7990
7991
7992
7995
7998
8000
8001
8003
8004
8007
8008
8010
8015
8018
8019
8022
8023
8024
8025
8027
8029
8030
8033
8034
8036
8037
8040
8041
8046
8050
8051
8052
8055
8056
8058
8060
8062
8064
8066
8073
8075
8077
8080
8083
8084
8085
8086
8091
8092
8094
8096
8099
8100
8103
8106
8107
8109
8112
8113
8118
8119
8120
8122
8125
8126
8127
8128
8131
8132
8134
8136
8137
8138
8140
8142
8145
8148
8149
8150
8151
8153
8154
8155
8159
8160
8162
8164
8165
8170
8174
8175
8176
8177
8178
8181
8183
8184
8188
8190
8192
8194
8195
8200
8201
8207
8208
8211
8213
8214
8215
8216
8217
8220
8225
8228
8229
8232
8234
8235
8236
8239
8240
8241
8242
8245
8246
8249
8250
8251
8253
8255
8256
8257
8260
8262
8265
8268
8272
8274
8277
8280
8281
8282
8283
8284
8288
8294
8295
8296
8299
8300
8303
8305
8307
8308
8313
8316
8319
8320
8321
8322
8323
8325
8326
8330
8339
8340
8342
8343
8344
8346
8349
8350
8352
8357
8358
8360
8362
8364
8365
8366
8370
8372
8374
8375
8378
8379
8381
8382
8383
8385
8393
8395
8398
8399
8400
8401
8404
8405
8410
8413
8415
8418
8424
8427
8428
8432
8435
8436
8437
8439
8441
8442
8446
8448
8449
8450
8453
8455
8456
8460
8463
8464
8466
8468
8470
8471
8473
8474
8475
8476
8477
8478
8479
8480
8481
8484
8487
8492
8493
8494
8496
8497
8500
8502
8505
8507
8509
8510
8512
8514
8515
8517
8520
8525
8526
8528
8532
8533
8534
8536
8540
8541
8544
8547
8549
8550
8554
8555
8556
8557
8560
8568
8569
8575
8576
8579
8580
8584
8585
8586
8587
8588
8591
8595
8600
8601
8602
8606
8607
8610
8611
8613
8614
8618
8619
8621
8624
8625
8626
8631
8632
8633
8635
8636
8639
8640
8642
8643
8645
8646
8648
8649
8650
8651
8652
8658
8662
8664
8667
8668
8670
8671
8673
8679
8680
8684
8685
8686
8687
8690
8692
8694
8695
8697
8700
8701
8702
8704
8710
8711
8712
8715
8717
8720
8721
8722
8723
8729
8730
8732
8733
8736
8738
8740
8742
8745
8748
8750
8755
8756
8757
8758
8760
8762
8763
8769
8771
8772
8773
8774
8775
8777
8778
8784
8786
8787
8788
8789
8791
8792
8798
8800
8804
8806
8809
8811
8814
8815
8816
8820
8823
8827
8829
8832
8833
8835
8836
8840
8843
8844
8845
8848
8850
8851
8853
8854
8855
8856
8858
8862
8865
8866
8869
8874
8875
8877
8878
8880
8881
8883
8888
8890
8892
8897
8900
8901
8903
8904
8905
8906
8908
8909
8910
8911
8917
8918
8924
8925
8927
8928
8930
8931
8932
8938
8940
8942
8943
8944
8946
8947
8949
8950
8954
8955
8957
8959
8960
8961
8964
8965
8967
8968
8970
8976
8977
8978
8979
8987
8988
8989
8990
8991
8993
8996
9000
9006
9009
9010
9016
9017
9019
9020
9021
9024
9025
9027
9028
9030
9035
9039
9040
9042
9044
9045
9047
9048
9050
9052
9060
9061
9062
9063
9064
9065
9071
9072
9073
9075
9077
9078
9082
9083
9085
9086
9087
9088
9089
9090
9095
9100
9102
9106
9108
9112
9114
9116
9118
9120
9125
9126
9128
9129
9130
9131
9135
9139
9141
9143
9144
9145
9146
9150
9152
9153
9154
9156
9158
9159
9163
9164
9165
9167
9169
9170
9174
9176
9177
9179
9180
9184
9185
9191
9193
9196
9198
9200
9202
9204
9207
9211
9212
9213
9214
9215
9216
9222
9223
9225
9230
9231
9234
9238
9240
9243
9245
9246
9248
9250
9251
9256
9259
9261
9263
9265
9266
9269
9270
9271
9272
9273
9275
9280
9282
9284
9287
9288
9291
9292
9295
9296
9300
9301
9306
9307
9308
9309
9310
9312
9313
9315
9316
9317
9321
9322
9324
9328
9331
9333
9338
9339
9344
9345
9348
9350
9352
9353
9359
9360
9361
9362
9366
9367
9372
9373
9374
9375
9379
9380
9381
9384
9386
9387
9389
9393
9394
9396
9398
9399
9400
9401
9405
9407
9408
9409
9412
9416
9417
9418
9420
9424
9425
9430
9432
9434
9435
9438
9440
9443
9447
9450
9452
9453
9454
9455
9457
9460
9462
9464
9471
9472
9476
9477
9480
9483
9486
9487
9490
9492
9494
9495
9499
9500
9503
9504
9506
9509
9512
9513
9514
9515
9516
9517
9519
9520
9522
9523
9525
9534
9537
9538
9540
9541
9545
9546
9548
9550
9553
9554
9555
9558
9559
9563
9568
9570
9576
9577
9579
9581
9583
9585
9588
9589
9590
9591
9592
9593
9594
9595
9599
9600
9603
9604
9605
9610
9612
9614
9617
9618
9620
9622
9625
9628
9630
9632
9633
9635
9636
9637
9638
9639
9641
9646
9648
9650
9652
9653
9656
9657
9660
9669
9672
9675
9676
9680
9682
9683
9685
9686
9688
9690
9694
9696
9699
9700
9701
9702
9703
9706
9709
9711
9715
9717
9718
9720
9724
9727
9728
9729
9730
9731
9734
9735
9737
9741
9744
9747
9750
9751
9752
9758
9760
9761
9765
9766
9768
9773
9775
9776
9779
9780
9782
9785
9786
9789
9790
9792
9794
9796
9797
9798
9799
9800
9801
9802
9804
9805
9810
9812
9815
9821
9823
9825
9826
9827
9828
9831
9834
9840
9842
9843
9844
9845
9847
9849
9850
9853
9855
9856
9858
9860
9861
9864
9867
9869
9870
9875
9877
9879
9880
9881
9882
9888
9889
9890
9891
9894
9898
9900
9906
9911
9912
9913
9916
9917
9918
9919
9920
9922
9928
9932
9933
9936
9940
9943
9944
9945
9947
9950
9951
9953
9954
9955
9956
9959
9960
9962
9963
9964
9966
9968
9971
9975
9976
9982
9983
9984
9988
9990
9991
9994
9996
9999
10000
10001
10004
10005
10008
10010
10011
10013
10017
10019
10020
10023
10024
10027
10028
10030
10032
10033
10034
10035
10036
10038
10043
10044
10045
10047
10050
10051
10057
10058
10062
10063
10064
10065
10070
10074
10075
10076
10080
10082
10086
10087
10088
10089
10092
10094
10097
10098
10100
10101
10105
10106
10108
10112
10115
10117
10120
10121
10122
10123
10125
10126
10127
10131
10132
10136
10137
10138
10140
10143
10146
10147
10148
10149
10150
10152
10153
10160
10164
10165
10166
10168
10170
10175
10176
10179
10184
10185
10187
10189
10191
10192
10197
10199
10200
10201
10203
10205
10206
10207
10208
10209
10212
10218
10220
10222
10224
10229
10230
10234
10235
10237
10240
10241
10244
10246
10248
10249
10250
10251
10252
10257
10258
10260
10261
10263
10266
10268
10269
10270
10272
10275
10277
10281
10282
10283
10285
10286
10287
10290
10291
10292
10293
10295
10296
10298
10300
10302
10304
10309
10317
10318
10320
10323
10324
10325
10327
10329
10332
10335
10336
10339
10340
10348
10349
10350
10353
10354
10355
10360
10362
10363
10366
10368
10370
10373
10374
10375
10379
10380
10382
10384
10385
10387
10388
10395
10396
10397
10400
10403
10404
10406
10411
10412
10413
10414
10416
10419
10425
10428
10430
10431
10434
10437
10438
10439
10440
10441
10442
10443
10447
10449
10450
10452
10455
10458
10461
10464
10465
10469
10471
10472
10476
10478
10480
10481
10486
10488
10491
10492
10494
10496
10498
10500
10502
10504
10505
10506
10507
10508
10509
10511
10512
10516
10519
10521
10526
10527
10528
10530
10534
10535
10537
10540
10541
10542
10545
10547
10549
10550
10553
10556
10557
10560
10561
10564
10569
10570
10571
10573
10574
10575
10578
10579
10580
10582
10584
10585
10586
10591
10593
10595
10600
10602
10603
10604
10605
10608
10609
10611
10614
10615
10619
10620
10621
10622
10624
10625
10626
10633
10640
10642
10643
10647
10648
10649
10650
10653
10656
10658
10659
10660
10664
10665
10668
10669
10670
10672
10675
10676
10678
10679
10680
10682
10686
10692
10693
10695
10696
10700
10701
10703
10706
10707
10710
10712
10716
10718
10720
10721
10725
10726
10728
10730
10731
10735
10736
10738
10740
10741
10742
10744
10750
10752
10754
10757
10758
10759
10761
10763
10764
10767
10769
10773
10778
10780
10783
10787
10788
10790
10791
10792
10793
10794
10795
10797
10800
10803
10804
10807
10808
10810
10812
10815
10816
10817
10819
10823
10824
10829
10830
10833
10835
10836
10841
10842
10846
10848
10850
10854
10855
10856
10857
10858
10860
10863
10864
10865
10868
10872
10873
10875
10877
10878
10879
10880
10881
10887
10890
10899
10900
10902
10904
10906
10908
10912
10914
10915
10918
10919
10920
10921
10922
10923
10925
10927
10933
10934
10935
10943
10944
10945
10947
10948
10950
10951
10952
10956
10959
10960
10961
10962
10965
10971
10972
10974
10976
10980
10981
10982
10985
10988
10989
10990
10991
10994
10998
11000
11001
11004
11005
11008
11009
11011
11016
11017
11020
11021
11022
11023
11024
11025
11026
11029
11032
11033
11036
11037
11039
11040
11041
11044
11045
11046
11049
11050
11051
11055
11058
11060
11063
11067
11070
11074
11076
11077
11078
11084
11086
11088
11092
11094
11096
11097
11098
11100
11102
11107
11109
11110
11111
11115
11118
11120
11121
11122
11123
11124
11125
11128
11129
11130
11132
11134
11135
11136
11137
11139
11144
11147
11150
11151
11152
11154
11155
11160
11163
11165
11169
11172
11174
11175
11176
11178
11180
11183
11186
11187
11189
11191
11193
11194
11200
11201
11205
11210
11211
11214
11218
11220
11221
11222
11223
11224
11227
11229
11232
11233
11234
11235
11236
11242
11245
11247
11248
11250
11252
11253
11254
11256
11259
11264
11266
11269
11270
11271
11275
11277
11280
11281
11284
11285
11286
11288
11289
11293
11297
11298
11300
11303
11304
11305
11308
11309
11310
11312
11315
11316
11319
11322
11323
11324
11325
11327
11328
11330
11336
11339
11340
11342
11343
11346
11349
11350
11352
11356
11357
11359
11360
11362
11368
11371
11373
11374
11375
11376
11377
11382
11385
11387
11388
11390
11392
11395
11396
11397
11398
11400
11403
11407
11408
11410
11413
11417
11418
11421
11424
11426
11427
11430
11431
11433
11438
11439
11440
11445
11446
11448
11449
11450
11451
11454
11455
11457
11458
11460
11461
11466
11468
11470
11473
11475
11476
11477
11480
11481
11484
11492
11495
11500
11501
11502
11505
11507
11508
11513
11514
11515
11517
11520
11521
11523
11524
11526
11528
11529
11532
11534
11536
11537
11542
11543
11544
11546
11550
11552
11554
11556
11557
11560
11562
11563
11564
11567
11569
11570
11571
11572
11573
11577
11580
11581
11583
11590
11591
11592
11594
11596
11600
11603
11605
11607
11609
11610
11613
11615
11616
11618
11620
11622
11623
11625
11627
11628
11629
11634
11635
11638
11639
11640
11644
11645
11648
11649
11650
11651
11653
11655
11656
11658
11659
11660
11661
11662
11663
11664
11666
11676
11679
11680
11682
11684
11685
11687
11690
11692
11696
11700
11703
11704
11707
11711
11712
11713
11715
11716
11718
11725
11726
11729
11730
11736
11737
11739
11741
11742
11745
11748
11749
11750
11752
11753
11760
11764
11765
11766
11767
11770
11771
11772
11773
11774
11775
11776
11778
11780
11781
11782
11786
11790
11792
11797
11798
11799
11800
11802
11803
11804
11808
11809
11811
11814
11815
11816
11817
11818
11819
11820
11822
11825
11826
11830
11832
11834
11836
11837
11840
11842
11844
11845
11847
11849
11850
11856
11857
11858
11859
11861
11865
11866
11868
11869
11872
11873
11875
11877
11880
11881
11883
11886
11890
11891
11894
11895
11899
11900
11904
11907
11908
11911
11913
11914
11918
11919
11920
11921
11924
11925
11926
11928
11929
11931
11932
11934
11935
11937
11938
11940
11946
11948
11950
11951
11952
11954
11956
11960
11966
11968
11970
11972
11973
11977
11978
11979
11983
11984
11985
11988
11990
11993
11997
11999
12000
12002
12005
12006
12008
12012
12013
12015
12017
12019
12024
12025
12027
12028
12029
12031
12032
12033
12035
12036
12040
12045
12046
12050
12051
12052
12054
12056
12059
12060
12062
12064
12065
12069
12070
12075
12078
12079
12080
12083
12084
12087
12089
12090
12091
12093
12095
12096
12098
12099
12100
12103
12104
12110
12116
12118
12120
12121
12122
12125
12126
12127
12129
12136
12137
12138
12139
12141
12144
12150
12151
12152
12154
12155
12159
12160
12166
12167
12168
12169
12172
12173
12177
12180
12183
12188
12189
12190
12191
12192
12193
12194
12198
12200
12201
12204
12206
12207
12208
12209
12210
12212
12213
12214
12218
12220
12221
12222
12225
12231
12232
12236
12238
12240
12243
12245
12246
12247
12250
12255
12257
12259
12261
12264
12265
12267
12272
12274
12276
12282
12283
12284
12285
12288
12291
12296
12298
12299
12300
12305
12306
12307
12308
12312
12314
12317
12319
12320
12321
12322
12324
12325
12328
12330
12331
12337
12338
12341
12342
12348
12349
12350
12351
12354
12358
12360
12361
12363
12364
12367
12369
12371
12374
12375
12376
12382
12383
12384
12388
12390
12393
12395
12397
12400
12402
12403
12408
12410
12411
12412
12415
12416
12420
12423
12425
12426
12427
12428
12430
12431
12432
12441
12444
12445
12446
12449
12450
12452
12455
12456
12460
12462
12463
12464
12466
12467
12469
12470
12474
12478
12480
12482
12483
12485
12488
12489
12493
12495
12496
12499
12500
12502
12505
12506
12508
12510
12512
12513
12516
12519
12524
12525
12528
12529
12530
12532
12533
12535
12537
12540
12543
12544
12545
12546
12549
12551
12555
12556
12557
12558
12560
12561
12566
12567
12573
12576
12578
12580
12584
12586
12587
12593
12595
12596
12597
12599
12600
12604
12606
12610
12614
12615
12616
12617
12625
12626
12627
12628
12629
12635
12636
12638
12640
12642
12643
12644
12648
12649
12650
12654
12656
12660
12663
12665
12667
12669
12670
12672
12673
12675
12679
12682
12684
12685
12688
12690
12691
12692
12696
12699
12700
12702
12705
12707
12709
12710
12711
12712
12714
12716
12717
12719
12720
12726
12727
12728
12730
12731
12733
12737
12738
12740
12741
12742
12744
12749
12750
12751
12753
12760
12765
12768
12769
12771
12772
12773
12775
12780
12782
12784
12788
12789
12792
12797
12798
12800
12801
12802
12803
12804
12805
12806
12810
12814
12815
12816
12818
12824
12825
12826
12827
12831
12833
12834
12835
12838
12839
12840
12844
12847
12848
12851
12852
12857
12859
12862
12864
12865
12870
12871
12874
12875
12876
12877
12878
12879
12880
12882
12886
12887
12888
12892
12896
12900
12901
12903
12905
12909
12913
12915
12920
12921
12922
12925
12926
12927
12928
12931
12932
12934
12935
12936
12939
12943
12947
12948
12950
12954
12956
12958
12960
12963
12969
12971
12972
12975
12978
12980
12985
12986
12987
12988
12989
12992
12993
12994
12995
12996
12997
12998
13000
13002
13005
13013
13015
13018
13019
13020
13021
13022
13024
13026
13029
13031
13032
13034
13035
13038
13039
13040
13041
13048
13050
13051
13052
13053
13054
13056
13061
13064
13065
13066
13067
13068
13072
13079
13080
13081
13082
13083
13090
13091
13095
13098
13100
13104
13107
13108
13110
13112
13113
13114
13115
13120
13122
13124
13125
13130
13132
13134
13135
13137
13140
13143
13144
13145
13148
13152
13156
13157
13158
13160
13161
13166
13167
13172
13175
13176
13179
13181
13182
13184
13186
13188
13189
13192
13193
13195
13197
13199
13200
13201
13202
13203
13205
13206
13207
13208
13209
13213
13216
13221
13224
13225
13226
13230
13231
13237
13243
13244
13246
13248
13250
13253
13254
13255
13260
13261
13262
13266
13268
13272
13275
13277
13279
13280
13281
13282
13283
13284
13286
13287
13288
13289
13293
13294
13298
13299
13300
13301
13303
13310
13311
13312
13317
13320
13321
13325
13328
13330
13332
13333
13334
13335
13338
13340
13344
13345
13348
13350
13351
13356
13357
13359
13360
13361
13362
13363
13364
13365
13366
13369
13370
13373
13375
13376
13377
13380
13384
13386
13390
13392
13393
13394
13395
13396
13398
13400
13407
13409
13410
13413
13414
13416
13419
13420
13423
13425
13426
13427
13430
13431
13432
13433
13439
13440
13442
13446
13447
13448
13452
13454
13455
13456
13459
13462
13464
13467
13468
13475
13478
13481
13482
13483
13485
13489
13490
13493
13494
13496
13498
13500
13502
13505
13508
13509
13510
13511
13514
13515
13516
13520
13524
13527
13528
13529
13530
13532
13533
13534
13536
13542
13543
13545
13547
13552
13559
13560
13561
13563
13566
13568
13570
13571
13572
13573
13575
13578
13579
13580
13583
13585
13588
13589
13590
13593
13596
13600
13601
13603
13604
13608
13609
13611
13612
13616
13617
13620
13621
13622
13623
13624
13625
13629
13630
13631
13632
13634
13635
13640
13642
13650
13651
13653
13659
13662
13664
13667
13668
13671
13673
13674
13676
13677
13680
13684
13685
13688
13689
13690
13692
13694
13695
13696
13699
13700
13702
13703
13706
13708
13715
13716
13717
13718
13719
13720
13724
13725
13727
13728
13731
13733
13734
13735
13736
13737
13740
13741
13746
13747
13750
13752
13754
13755
13756
13760
13761
13764
13767
13769
13770
13771
13772
13774
13775
13776
13778
13780
13783
13786
13790
13794
13795
13797
13800
13801
13802
13803
13804
13805
13806
13816
13817
13818
13821
13824
13825
13826
13832
13833
13837
13838
13840
13843
13845
13846
13847
13851
13855
13857
13858
13860
13861
13862
13865
13867
13869
13870
13871
13872
13875
13884
13886
13888
13889
13891
13892
13896
13899
13900
13904
13905
13906
13908
13910
13912
13915
13916
13919
13920
13923
13924
13926
13930
13932
13936
13937
13938
13939
13940
13943
13944
13946
13948
13949
13950
13952
13959
13962
13965
13968
13969
13970
13973
13974
13975
13978
13980
13981
13983
13984
13986
13987
13988
13992
14000
14001
14003
14006
14007
14008
14012
14013
14014
14016
14017
14018
14022
14023
14025
14027
14028
14030
14036
14039
14040
14042
14043
14045
14049
14053
14056
14058
14060
14061
14062
14063
14065
14070
14074
14076
14079
14080
14089
14091
14092
14094
14097
14098
14100
14101
14104
14105
14110
14111
14112
14118
14122
14123
14124
14125
14127
14129
14130
14134
14135
14136
14137
14140
14141
14144
14145
14147
14148
14151
14152
14155
14157
14160
14161
14162
14167
14168
14170
14171
14174
14175
14178
14181
14184
14186
14190
14193
14194
14195
14196
14198
14200
14204
14208
14210
14212
14213
14214
14219
14220
14224
14227
14229
14231
14233
14235
14238
14239
14240
14241
14245
14246
14248
14250
14256
14257
14259
14260
14268
14271
14274
14276
14278
14279
14280
14282
14283
14287
14288
14291
14297
14299
14300
14301
14304
14306
14307
14308
14309
14310
14313
14314
14317
14319
14320
14322
14325
14326
14328
14329
14331
14335
14336
14337
14338
14340
14342
14344
14345
14348
14350
14351
14352
14353
14355
14356
14357
14359
14362
14363
14364
14365
14375
14378
14381
14382
14384
14385
14388
14391
14392
14393
14396
14398
14399
14400
14402
14404
14405
14406
14410
14413
14415
14416
14418
14420
14421
14427
14429
14430
14432
14433
14440
14442
14443
14444
14445
14446
14448
14450
14453
14454
14455
14456
14457
14460
14464
14465
14467
14469
14471
14472
14473
14475
14476
14477
14478
14480
14484
14490
14491
14495
14496
14497
14499
14500
14504
14507
14508
14514
14516
14518
14520
14522
14523
14525
14527
14529
14532
14534
14535
14536
14539
14541
14544
14547
14550
14552
14553
14554
14555
14558
14559
14560
14564
14570
14573
14575
14577
14578
14579
14580
14582
14586
14587
14592
14595
14596
14600
14601
14602
14605
14606
14608
14612
14615
14616
14617
14620
14625
14626
14628
14630
14632
14637
14640
14641
14645
14647
14649
14651
14652
14654
14659
14661
14663
14664
14668
14670
14672
14673
14674
14678
14679
14681
14685
14688
14689
14690
14691
14694
14696
14697
14700
14701
14703
14705
14706
14707
14711
14715
14716
14718
14719
14720
14722
14725
14726
14728
14729
14732
14734
14739
14740
14742
14744
14746
14749
14750
14751
14755
14756
14758
14760
14761
14762
14763
14766
14768
14770
14773
14774
14775
14781
14782
14784
14787
14790
14792
14795
14796
14798
14800
14801
14803
14805
14807
14809
14812
14818
14819
14820
14823
14824
14828
14832
14833
14835
14837
14839
14840
14841
14842
14847
14848
14849
14850
14852
14857
14858
14859
14861
14863
14868
14872
14873
14874
14875
14877
14878
14880
14883
14884
14885
14892
14893
14896
14898
14899
14900
14904
14905
14906
14910
14911
14915
14916
14921
14924
14925
14926
14927
14931
14933
14934
14935
14937
14938
14940
14941
14942
14943
14945
14946
14948
14949
14950
14952
14960
14964
14965
14972
14973
14976
14980
14981
14982
14985
14986
14991
14993
14994
14996
14999
15000
15004
15006
15007
15008
15010
15012
15015
15022
15023
15028
15029
15030
15035
15036
15038
15040
15041
15042
15043
15045
15047
15048
15049
15050
15051
15052
15054
15057
15059
15060
15062
15064
15065
15066
15067
15070
15072
15075
15080
15086
15087
15088
15089
15092
15093
15096
15097
15100
15104
15105
15106
15109
15111
15113
15114
15120
15123
15124
15125
15128
15129
15130
15132
15133
15134
15136
15138
15141
15142
15145
15147
15150
15151
15158
15159
15162
15163
15164
15167
15168
15169
15170
15171
15176
15179
15180
15181
15183
15184
15189
15190
15192
15194
15196
15197
15198
15200
15204
15207
15209
15210
15211
15215
15219
15221
15222
15224
15225
15226
15228
15229
15232
15235
15236
15238
15239
15240
15244
15246
15247
15249
15250
15251
15252
15254
15255
15257
15260
15264
15265
15266
15268
15272
15275
15276
15280
15281
15283
15288
15290
15293
15295
15300
15301
15308
15309
15311
15312
15314
15317
15318
15322
15323
15326
15327
15330
15333
15334
15336
15337
15340
15341
15343
15344
15345
15347
15351
15352
15355
15356
15360
15364
15366
15367
15368
15369
15370
15372
15375
15376
15378
15379
15385
15386
15387
15390
15392
15394
15397
15399
15400
15402
15403
15405
15407
15408
15410
15416
15420
15423
15428
15429
15433
15435
15436
15437
15438
15440
15444
15447
15450
15453
15455
15456
15457
15458
15463
15466
15469
15470
15471
15476
15477
15478
15480
15481
15483
15484
15485
15486
15488
15494
15496
15498
15500
15502
15503
15504
15510
15512
15515
15517
15520
15521
15522
15523
15525
15529
15531
15532
15533
15535
15538
15539
15540
15542
15543
15544
15548
15549
15552
15553
15554
15555
15557
15561
15562
15563
15565
15566
15568
15570
15572
15573
15575
15576
15577
15580
15582
15587
15589
15593
15594
15600
15602
15604
15606
15609
15610
15611
15614
15616
15617
15618
15620
15621
15622
15624
15625
15631
15633
15635
15639
15640
15642
15645
15648
15651
15652
15655
15656
15657
15660
15662
15663
15664
15665
15674
15675
15677
15678
15680
15686
15687
15688
15689
15691
15694
15695
15696
15698
15700
15703
15704
15707
15708
15714
15717
15718
15720
15721
15725
15729
15730
15732
15736
15738
15741
15742
15743
15744
15745
15747
15748
15750
15752
15753
15755
15756
15759
15760
15762
15768
15770
15774
15776
15778
15779
15780
15781
15785
15789
15792
15794
15795
15796
15799
15800
15801
15805
15808
15810
15811
15812
15813
15820
15824
15825
15826
15827
15833
15834
15836
15839
15840
15841
15842
15844
15846
15847
15848
15851
15853
15855
15857
15860
15861
15862
15863
15865
15867
15870
15871
15872
15873
15875
15876
15878
15879
15884
15886
15890
15892
15895
15900
15903
15904
15906
15908
15910
15912
15914
15916
15920
15921
15922
15925
15928
15930
15931
15933
15934
15936
15939
15943
15946
15947
15949
15950
15951
15953
15957
15958
15960
15962
15963
15964
15965
15972
15974
15975
15979
15980
15982
15984
15985
15987
15989
15990
15996
15998
16000
16002
16005
16006
16008
16013
16014
16016
16017
16019
16020
16021
16023
16027
16029
16030
16031
16032
16036
16037
16038
16039
16043
16044
16046
16048
16050
16054
16055
16058
16059
16060
16065
16066
16068
16072
16074
16077
16080
16082
16089
16092
16093
16095
16100
16102
16104
16107
16109
16110
16112
16113
16115
16116
16117
16119
16120
16121
16124
16125
16128
16129
16131
16132
16133
16137
16140
16146
16147
16148
16150
16151
16153
16154
16157
16159
16160
16165
16166
16167
16168
16169
16170
16171
16172
16182
16184
16185
16188
16191
16192
16195
16198
16199
16200
16206
16211
16212
16213
16214
16215
16218
16219
16224
16225
16226
16235
16236
16238
16240
16241
16243
16244
16245
16247
16250
16252
16254
16256
16259
16260
16261
16262
16263
16264
16268
16269
16271
16272
16274
16275
16276
16277
16279
16280
16281
16284
16286
16287
16289
16290
16296
16297
16298
16300
16302
16303
16306
16308
16309
16310
16315
16317
16318
16320
16324
16327
16328
16330
16335
16337
16340
16341
16343
16348
16350
16351
16352
16353
16354
16356
16359
16362
16366
16368
16371
16375
16376
16377
16378
16380
16383
16384
16385
16388
16390
16391
16393
16399
16400
16401
16402
16403
16405
16408
16409
16412
16414
16415
16416
16419
16422
16425
16426
16428
16430
16432
16434
16435
16440
16441
16443
16445
16450
16454
16456
16458
16459
16461
16463
16464
16465
16468
16469
16470
16471
16472
16473
16478
16480
16482
16483
16484
16485
16490
16491
16492
16497
16498
16500
16501
16502
16506
16510
16511
16512
16513
16514
16517
16520
16523
16524
16530
16531
16533
16536
16539
16541
16543
16544
16548
16549
16554
16555
16558
16559
16560
16562
16564
16566
16568
16569
16571
16575
16576
16577
16579
16583
16585
16587
16588
16589
16590
16591
16592
16598
16600
16605
16606
16608
16610
16611
16613
16614
16616
16617
16620
16625
16626
16629
16632
16637
16638
16640
16641
16642
16643
16644
16646
16647
16650
16652
16653
16660
16665
16669
16675
16676
16677
16678
16680
16682
16683
16684
16685
16686
16687
16688
16692
16694
16695
16697
16698
16700
16701
16704
16705
16709
16714
16716
16717
16720
16724
16725
16727
16728
16730
16731
16732
16733
16740
16744
16745
16748
16750
16756
16758
16761
16762
16764
16766
16767
16768
16769
16770
16771
16775
16779
16781
16786
16789
16790
16791
16796
16798
16799
16800
16801
16802
16807
16808
16809
16810
16813
16815
16817
16819
16820
16821
16826
16827
16830
16833
16834
16835
16836
16837
16848
16849
16851
16852
16854
16856
16860
16863
16864
16867
16870
16872
16873
16874
16875
16878
16880
16881
16882
16884
16885
16887
16891
16892
16895
16896
16897
16898
16899
16900
16905
16906
16907
16909
16910
16912
16915
16920
16926
16928
16929
16932
16933
16936
16940
16942
16946
16947
16948
16950
16951
16952
16954
16956
16957
16958
16960
16962
16965
16966
16967
16968
16969
16974
16975
16980
16983
16984
16985
16986
16988
16992
16994
16995
16999
17000
17004
17005
17009
17010
17013
17014
17015
17017
17018
17019
17020
17023
17024
17025
17028
17030
17034
17040
17043
17050
17051
17052
17056
17057
17061
17062
17063
17064
17066
17068
17069
17071
17072
17073
17080
17081
17082
17085
17088
17091
17094
17095
17097
17098
17100
17102
17105
17108
17110
17111
17112
17113
17114
17115
17116
17119
17120
17121
17125
17127
17131
17135
17136
17138
17139
17141
17143
17145
17150
17152
17155
17157
17158
17160
17161
17168
17169
17170
17171
17172
17174
17175
17176
17177
17179
17181
17182
17184
17187
17190
17192
17195
17197
17199
17200
17201
17202
17204
17205
17212
17214
17215
17219
17220
17222
17225
17226
17227
17228
17236
17238
17242
17243
17248
17249
17250
17252
17253
17255
17261
17262
17263
17264
17266
17267
17270
17271
17272
17277
17278
17279
17280
17284
17286
17287
17289
17290
17292
17296
17298
17300
17301
17302
17303
17304
17306
17313
17316
17319
17324
17325
17328
17329
17331
17334
17336
17340
17342
17343
17346
17347
17353
17355
17358
17360
17363
17365
17366
17368
17370
17371
17372
17374
17375
17376
17380
17381
17384
17385
17388
17390
17391
17394
17395
17399
17400
17402
17404
17405
17407
17408
17415
17416
17420
17422
17423
17424
17425
17427
17429
17430
17433
17434
17435
17437
17440
17441
17442
17444
17446
17447
17451
17453
17457
17458
17459
17460
17464
17466
17468
17472
17473
17475
17476
17479
17480
17484
17485
17487
17490
17493
17496
17499
17500
17501
17507
17510
17511
17512
17513
17514
17515
17516
17518
17520
17523
17524
17526
17528
17531
17533
17535
17536
17537
17538
17542
17543
17544
17545
17546
17548
17549
17550
17554
17556
17557
17563
17568
17570
17572
17574
17575
17576
17577
17578
17580
17582
17584
17587
17589
17593
17594
17595
17596
17600
17603
17604
17608
17612
17613
17615
17617
17618
17621
17622
17625
17628
17629
17630
17632
17633
17639
17640
17641
17644
17646
17649
17653
17654
17655
17658
17661
17664
17666
17667
17670
17671
17672
17673
17675
17679
17680
17685
17686
17688
17689
17690
17696
17697
17700
17701
17702
17703
17706
17708
17710
17711
17712
17714
17716
17719
17721
17723
17724
17727
17730
17731
17732
17733
17738
17739
17741
17745
17746
17748
17750
17751
17752
17753
17754
17755
17756
17759
17760
17762
17763
17765
17766
17767
17775
17776
17777
17780
17782
17784
17787
17792
17794
17797
17799
17800
17802
17806
17808
17810
17812
17813
17816
17818
17819
17820
17821
17822
17823
17825
17829
17834
17835
17836
17840
17841
17845
17848
17850
17854
17856
17860
17861
17862
17864
17869
17871
17873
17875
17876
17877
17880
17884
17885
17886
17887
17888
17889
17892
17893
17894
17898
17900
17901
17907
17908
17910
17914
17917
17918
17919
17920
17922
17925
17927
17928
17930
17931
17933
17934
17935
17936
17940
17941
17945
17947
17949
17951
17952
17954
17955
17956
17958
17963
17967
17969
17974
17976
17978
17979
17980
17982
17985
17986
17990
17992
17995
17996
17999
18000
18001
18003
18005
18009
18011
18012
18017
18018
18019
18020
18023
18025
18029
18031
18032
18034
18036
18038
18040
18042
18044
18048
18050
18054
18055
18056
18057
18060
18063
18067
18069
18070
18073
18075
18078
18079
18080
18081
18083
18084
18088
18090
18091
18093
18094
18095
18096
18100
18103
18104
18105
18109
18113
18117
18120
18122
18124
18125
18126
18128
18130
18135
18139
18142
18144
18145
18146
18147
18148
18150
18154
18156
18157
18160
18161
18163
18164
18165
18166
18167
18170
18172
18174
18176
18177
18178
18179
18180
18183
18189
18190
18193
18197
18200
18202
18203
18204
18205
18207
18209
18212
18213
18216
18221
18224
18225
18228
18231
18232
18236
18239
18240
18241
18245
18247
18249
18250
18252
18256
18258
18259
18260
18262
18265
18270
18271
18275
18278
18281
18282
18283
18285
18286
18288
18290
18291
18292
18297
18299
18300
18304
18306
18308
18309
18312
18315
18316
18318
18320
18321
18323
18326
18327
18328
18330
18333
18334
18335
18336
18338
18340
18343
18348
18349
18352
18354
18356
18357
18358
18360
18361
18368
18369
18370
18375
18377
18382
18383
18386
18387
18389
18391
18392
18394
18395
18396
18400
18403
18404
18407
18408
18409
18410
18411
18414
18415
18419
18421
18422
18423
18424
18425
18426
18428
18430
18432
18436
18437
18444
18445
18446
18447
18450
18459
18460
18462
18463
18467
18468
18469
18471
18473
18476
18480
18483
18486
18487
18490
18491
18492
18495
18496
18497
18500
18502
18506
18507
18509
18511
18512
18513
18515
18518
18522
18524
18525
18526
18527
18528
18530
18531
18532
18533
18535
18536
18537
18538
18540
18542
18544
18546
18549
18550
18557
18559
18560
18561
18564
18565
18568
18569
18573
18574
18576
18582
18584
18585
18589
18590
18592
18598
18600
18601
18602
18603
18605
18611
18612
18614
18615
18616
18618
18619
18620
18624
18625
18626
18630
18631
18632
18634
18639
18640
18642
18643
18644
18645
18647
18648
18655
18656
18658
18659
18662
18666
18668
18669
18673
18675
18676
18678
18681
18683
18684
18685
18688
18690
18693
18696
18699
18700
18703
18704
18705
18706
18709
18711
18715
18717
18718
18720
18721
18722
18723
18724
18725
18727
18732
18733
18734
18737
18744
18745
18746
18748
18750
18753
18755
18758
18759
18760
18761
18762
18763
18765
18768
18769
18772
18774
18778
18779
18785
18786
18788
18791
18792
18795
18796
18798
18800
18802
18810
18814
18815
18816
18817
18818
18819
18821
18824
18825
18827
18830
18832
18833
18834
18836
18837
18840
18841
18847
18848
18849
18850
18857
18860
18864
18865
18867
18868
18870
18871
18872
18873
18875
18876
18877
18879
18880
18881
18886
18887
18894
18900
18901
18904
18905
18906
18907
18908
18909
18910
18912
18914
18915
18920
18921
18923
18924
18928
18937
18938
18939
18941
18942
18944
18952
18954
18955
18957
18960
18961
18962
18963
18964
18966
18970
18971
18972
18974
18975
18980
18981
18983
18984
18988
18990
18993
18995
18997
18998
19000
19003
19005
19006
19007
19008
19012
19018
19019
19023
19024
19026
19027
19028
19030
19032
19034
19035
19038
19039
19040
19043
19044
19045
19046
19049
19050
19052
19053
19055
19057
19065
19068
19071
19072
19074
19075
19076
19080
19082
19084
19085
19089
19090
19092
19093
19095
19096
19097
19099
19100
19104
19106
19107
19108
19109
19110
19111
19113
19114
19116
19118
19120
19125
19126
19127
19129
19133
19135
19136
19140
19142
19147
19149
19152
19153
19154
19158
19159
19162
19166
19169
19170
19173
19175
19176
19177
19178
19180
19182
19184
19186
19188
19189
19190
19195
19197
19198
19199
19200
19201
19203
19205
19206
19208
19209
19210
19215
19220
19221
19223
19224
19227
19228
19229
19234
19236
19239
19240
19241
19244
19250
19251
19256
19257
19260
19261
19264
19266
19270
19272
19274
19275
19276
19277
19278
19280
19282
19285
19291
19292
19293
19295
19296
19300
19303
19304
19305
19306
19307
19311
19312
19313
19314
19316
19317
19320
19321
19323
19327
19328
19329
19332
19337
19338
19339
19341
19342
19343
19344
19345
19346
19350
19351
19352
19355
19359
19360
19363
19364
19366
19367
19370
19372
19375
19376
19380
19383
19388
19389
19390
19392
19393
19396
19397
19398
19400
19401
19402
19404
19406
19411
19412
19414
19415
19418
19422
19425
19430
19431
19432
19434
19435
19436
19437
19440
19448
19451
19454
19456
19458
19459
19460
19461
19462
19465
19467
19468
19470
19474
19475
19479
19481
19482
19488
19491
19492
19493
19494
19497
19499
19500
19502
19503
19504
19505
19511
19513
19516
19517
19519
19520
19521
19522
19525
19527
19529
19530
19532
19533
19536
19539
19544
19546
19548
19549
19550
19551
19552
19557
19558
19560
19561
19564
19565
19570
19572
19573
19575
19578
19580
19581
19584
19588
19591
19592
19593
19594
19596
19598
19599
19600
19602
19604
19608
19610
19617
19618
19620
19623
19624
19625
19630
19631
19633
19635
19637
19639
19642
19646
19647
19650
19651
19652
19654
19656
19662
19663
19665
19667
19668
19669
19670
19671
19673
19680
19683
19684
19685
19686
19688
19690
19691
19693
19694
19695
19698
19700
19701
19703
19706
19708
19710
19712
19716
19719
19720
19721
19722
19723
19725
19728
19729
19734
19737
19738
19740
19745
19747
19749
19750
19754
19756
19758
19760
19762
19764
19765
19768
19769
19773
19775
19776
19778
19779
19780
19781
19782
19783
19787
19788
19789
19795
19796
19798
19800
19803
19805
19807
19809
19810
19812
19817
19822
19823
19824
19825
19826
19829
19832
19834
19836
19837
19838
19839
19840
19844
19845
19847
19855
19856
19864
19865
19866
19869
19871
19872
19873
19874
19875
19877
19879
19880
19881
19883
19885
19886
19888
19890
19893
19894
19895
19897
19899
19900
19902
19906
19908
19909
19910
19912
19916
19918
19920
19923
19924
19926
19928
19929
19932
19933
19936
19939
19941
19942
19943
19947
19950
19951
19952
19955
19964
19965
19966
19967
19968
19971
19975
19976
19980
19981
19982
19987
19988
19992
19995
19998
20000
20001
20002
20003
20007
20008
20009
20010
20016
20017
20020
20022
20025
20026
20033
20034
20038
20039
20040
20043
20045
20046
20048
20049
20054
20055
20056
20057
20060
20064
20066
20068
20069
20070
20072
20075
20076
20079
20080
20081
20083
20085
20086
20087
20088
20090
20091
20093
20094
20096
20097
20099
20100
20102
20104
20108
20111
20114
20115
20116
20119
20121
20124
20125
20126
20128
20130
20131
20139
20140
20145
20148
20150
20152
20155
20160
20163
20164
20165
20167
20169
20172
20174
20175
20176
20178
20181
20184
20185
20188
20191
20193
20194
20196
20200
20202
20203
20207
20210
20212
20213
20215
20216
20217
20221
20223
20224
20227
20228
20230
20234
20235
20237
20239
20240
20241
20242
20243
20244
20246
20247
20250
20251
20252
20253
20254
20256
20257
20262
20264
20265
20271
20272
20273
20274
20276
20280
20284
20286
20291
20292
20293
20294
20295
20296
20298
20299
20300
20301
20303
20304
20305
20306
20313
20315
20320
20325
20328
20329
20330
20332
20335
20336
20339
20340
20345
20349
20350
20351
20352
20355
20358
20367
20368
20370
20372
20374
20375
20377
20378
20381
20382
20383
20384
20385
20387
20394
20398
20400
20402
20405
20406
20410
20412
20413
20414
20416
20418
20424
20425
20429
20430
20433
20435
20436
20437
20440
20444
20445
20447
20448
20449
20451
20453
20458
20459
20460
20461
20463
20467
20468
20470
20473
20474
20475
20480
20482
20485
20488
20491
20492
20493
20496
20497
20498
20500
20501
20502
20503
20504
20510
20511
20513
20514
20515
20516
20519
20520
20522
20526
20532
20535
20536
20538
20539
20540
20541
20544
20548
20550
20552
20553
20554
20557
20558
20559
20560
20561
20562
20564
20566
20567
20569
20570
20572
20574
20577
20580
20582
20584
20585
20586
20587
20590
20591
20592
20596
20597
20600
20601
20604
20605
20608
20609
20610
20615
20617
20618
20619
20623
20625
20628
20631
20633
20634
20636
20640
20644
20646
20648
20650
20651
20654
20655
20657
20658
20659
20661
20664
20667
20670
20672
20677
20678
20679
20680
20683
20685
20687
20691
20696
20698
20700
20701
20703
20705
20706
20708
20709
20710
20711
20713
20720
20723
20724
20726
20727
20732
20735
20736
20737
20739
20740
20746
20748
20750
20757
20758
20760
20764
20768
20769
20770
20774
20775
20776
20777
20786
20787
20790
20792
20793
20794
20800
20801
20803
20805
20806
20808
20812
20815
20819
20821
20822
20824
20825
20826
20827
20828
20829
20831
20832
20833
20837
20838
20839
20844
20845
20850
20851
20852
20853
20855
20856
20859
20860
20862
20863
20864
20865
20867
20868
20869
20874
20875
20876
20878
20880
20881
20882
20884
20886
20888
20889
20894
20895
20898
20900
20904
20905
20907
20909
20910
20915
20916
20919
20922
20923
20925
20928
20930
20933
20935
20938
20941
20942
20943
20944
20945
20951
20952
20955
20956
20960
20961
20962
20967
20970
20971
20972
20976
20979
20982
20984
20987
20988
20989
20992
20995
20996
20999
21000
21004
21008
21009
21010
21012
21014
21016
21018
21021
21022
21024
21025
21027
21032
21033
21037
21038
21040
21041
21042
21045
21049
21052
21053
21054
21056
21060
21063
21065
21068
21070
21074
21075
21076
21079
21080
21082
21083
21084
21087
21090
21091
21093
21094
21097
21098
21100
21103
21105
21106
21109
21111
21112
21113
21114
21115
21120
21122
21125
21127
21128
21131
21138
21140
21141
21142
21146
21147
21148
21150
21156
21158
21160
21164
21165
21166
21167
21168
21170
21172
21173
21175
21177
21181
21182
21183
21185
21186
21190
21195
21197
21199
21200
21201
21203
21204
21206
21208
21209
21210
21216
21218
21222
21224
21225
21228
21229
21230
21231
21235
21238
21239
21240
21242
21243
21244
21248
21250
21251
21252
21253
21255
21257
21261
21266
21267
21268
21271
21275
21276
21279
21280
21284
21285
21286
21289
21291
21293
21294
21296
21297
21298
21299
21300
21301
21306
21307
21311
21312
21315
21316
21318
21320
21321
21328
21329
21330
21331
21335
21336
21338
21340
21344
21349
21350
21352
21353
21356
21357
21358
21359
21360
21361
21364
21369
21371
21372
21373
21375
21376
21384
21385
21386
21389
21390
21392
21394
21395
21400
21402
21406
21408
21409
21411
21412
21413
21414
21417
21420
21421
21423
21424
21431
21432
21436
21437
21440
21442
21443
21448
21449
21450
21452
21456
21457
21459
21460
21462
21463
21465
21470
21471
21472
21473
21476
21479
21480
21482
21483
21484
21488
21489
21490
21492
21497
21500
21504
21505
21507
21508
21509
21510
21513
21514
21515
21516
21518
21520
21522
21525
21526
21527
21528
21533
21534
21535
21538
21539
21543
21545
21546
21547
21556
21560
21565
21566
21567
21571
21573
21574
21576
21580
21582
21583
21584
21586
21588
21590
21593
21594
21597
21600
21603
21605
21606
21607
21608
21609
21614
21615
21616
21620
21622
21624
21625
21627
21629
21630
21631
21632
21634
21637
21638
21641
21645
21646
21648
21653
21655
21658
21659
21660
21663
21666
21667
21669
21670
21672
21675
21677
21679
21680
21681
21682
21684
21689
21690
21691
21692
21696
21698
21700
21708
21710
21712
21714
21715
21716
21717
21719
21720
21721
21725
21726
21728
21730
21731
21733
21735
21736
21744
21746
21749
21750
21754
21755
21756
21758
21760
21761
21762
21770
21771
21774
21775
21777
21779
21780
21783
21784
21788
21791
21792
21793
21797
21798
21800
21801
21804
21805
21808
21809
21812
21816
21823
21824
21825
21827
21828
21829
21830
21831
21835
21836
21837
21838
21840
21842
21844
21845
21846
21850
21853
21854
21855
21861
21866
21867
21868
21870
21873
21875
21877
21879
21883
21886
21887
21888
21889
21890
21892
21894
21895
21896
21899
21900
21901
21902
21903
21904
21905
21909
21910
21912
21917
21918
21920
21922
21924
21926
21930
21931
21935
21939
21941
21942
21944
21945
21948
21949
21952
21953
21960
21962
21964
21965
21970
21971
21973
21975
21976
21978
21979
21980
21981
21982
21983
21984
21987
21988
21995
21996
22000
22002
22005
22007
22008
22010
22011
22015
22016
22017
22018
22019
22021
22022
22032
22034
22035
22040
22041
22042
22043
22044
22046
22048
22050
22052
22055
22057
22058
22059
22064
22066
22069
22072
22074
22077
22078
22080
22081
22082
22083
22088
22089
22090
22092
22098
22099
22100
22101
22102
22103
22110
22113
22116
22119
22120
22125
22126
22127
22134
22135
22137
22139
22140
22143
22144
22145
22148
22149
22152
22154
22155
22156
22160
22161
22163
22165
22168
22172
22173
22176
22177
22181
22184
22185
22188
22190
22192
22194
22195
22196
22197
22199
22200
22201
22204
22207
22211
22213
22214
22218
22220
22222
22223
22225
22227
22230
22231
22236
22237
22239
22240
22242
22243
22244
22246
22248
22250
22253
22256
22258
22260
22261
22263
22264
22265
22268
22270
22272
22274
22275
22278
22287
22288
22289
22294
22295
22300
22301
22302
22304
22306
22308
22310
